Client Model Params before encryption: 0

model.0.weight: tensor([[2.5976e+01, 2.5817e+01, 2.5898e+01, 1.2427e-01, 2.5840e+01, 2.5932e+01,
         3.4527e-02, 2.5995e+01, 5.6005e-02, 1.3110e-01, 2.5821e+01, 1.4306e-01,
         2.5800e+01, 2.5853e+01, 2.5885e+01, 2.5949e+01, 2.5997e+01, 1.7045e-01,
         1.8536e-01, 2.5972e+01, 1.0006e-01, 4.2217e-02, 2.5899e+01, 2.0189e-01],
        [2.5815e+01, 1.8232e-01, 2.5979e+01, 1.2008e-01, 2.5931e+01, 6.2292e-02,
         2.5880e+01, 1.3577e-01, 2.5800e+01, 2.5971e+01, 2.5924e+01, 2.5827e+01,
         4.9797e-02, 2.5913e+01, 2.5946e+01, 1.7354e-01, 2.5988e+01, 2.5975e+01,
         2.5939e+01, 1.9597e-01, 2.5963e+01, 2.5901e+01, 2.5913e+01, 9.5249e-02],
        [2.5952e+01, 8.2401e-02, 2.5838e+01, 6.0169e-02, 9.4522e-02, 1.1353e-01,
         2.5875e+01, 2.5930e+01, 2.5896e+01, 2.5950e+01, 7.9700e-02, 2.5952e+01,
         1.7592e-01, 2.5861e+01, 1.1835e-01, 1.5268e-01, 2.5861e+01, 2.5805e+01,
         2.5897e+01, 2.5804e+01, 2.5905e+01, 2.5895e+01, 2.5985e+01, 2.5837e+01],
        [1.5979e-01, 2.5947e+01, 2.5918e+01, 1.8776e-01, 2.5928e+01, 2.5883e+01,
         2.5813e+01, 3.6905e-02, 2.5990e+01, 2.5859e+01, 2.5992e+01, 2.5985e+01,
         3.7724e-02, 2.5917e+01, 9.0450e-02, 1.9953e-01, 2.5919e+01, 2.4559e-02,
         2.5871e+01, 3.1116e-02, 2.5962e+01, 2.5857e+01, 2.5856e+01, 2.5971e+01],
        [2.5816e+01, 2.5945e+01, 1.3939e-01, 2.5914e+01, 2.5990e+01, 1.7742e-01,
         2.5859e+01, 2.5972e+01, 5.7892e-02, 2.5842e+01, 5.4287e-02, 2.5937e+01,
         1.2095e-01, 1.0043e-01, 2.8799e-02, 1.6778e-01, 2.5955e+01, 5.7278e-02,
         1.8199e-01, 1.4955e-01, 8.5064e-02, 2.5938e+01, 2.5945e+01, 2.5877e+01],
        [8.1450e-02, 4.6465e-02, 2.5882e+01, 1.5156e-01, 1.5651e-01, 1.2229e-01,
         2.5907e+01, 5.1584e-02, 1.7780e-01, 2.5964e+01, 2.5893e+01, 6.9025e-02,
         1.4188e-01, 1.6088e-02, 1.8162e-01, 2.7811e-02, 5.8689e-02, 5.4512e-03,
         2.5941e+01, 1.0193e-01, 2.5934e+01, 5.0480e-02, 3.4954e-02, 1.1610e-02],
        [2.5911e+01, 2.5955e+01, 1.4681e-01, 2.5989e+01, 2.5976e+01, 2.5801e+01,
         1.3206e-01, 2.5912e+01, 3.3331e-02, 2.5831e+01, 2.5947e+01, 2.5823e+01,
         2.5987e+01, 1.2836e-01, 2.5925e+01, 2.5986e+01, 2.5877e+01, 9.0166e-02,
         2.5819e+01, 2.5849e+01, 1.7416e-02, 2.5797e+01, 4.4365e-03, 2.5996e+01],
        [2.9196e-02, 2.5894e+01, 1.6802e-01, 2.5985e+01, 2.5914e+01, 1.5272e-01,
         2.5823e+01, 2.5943e+01, 5.3534e-02, 1.7572e-01, 1.0939e-01, 2.5853e+01,
         4.5900e-02, 2.5989e+01, 2.5983e+01, 2.5915e+01, 2.5818e+01, 1.2191e-01,
         2.5988e+01, 1.2775e-01, 2.5889e+01, 9.3365e-03, 2.5862e+01, 1.2119e-01],
        [2.5841e+01, 2.5904e+01, 2.5920e+01, 2.5956e+01, 4.1309e-02, 2.5983e+01,
         2.5986e+01, 2.5880e+01, 2.5848e+01, 2.5860e+01, 1.5698e-01, 2.5948e+01,
         2.5913e+01, 1.9135e-01, 2.5890e+01, 2.5915e+01, 2.5866e+01, 2.5811e+01,
         2.5872e+01, 1.9213e-02, 1.0908e-01, 2.5872e+01, 2.5883e+01, 1.6539e-01],
        [2.5898e+01, 1.9265e-01, 2.3584e-02, 2.5913e+01, 2.5805e+01, 1.7355e-02,
         2.5862e+01, 2.5921e+01, 2.5888e+01, 2.5823e+01, 2.5982e+01, 1.9193e-01,
         1.5360e-01, 2.5947e+01, 1.6956e-01, 5.1842e-03, 2.5992e+01, 1.6023e-01,
         7.5064e-02, 2.5978e+01, 2.5844e+01, 2.5983e+01, 2.5885e+01, 1.5654e-02],
        [2.5827e+01, 3.9454e-02, 3.7403e-03, 2.5802e+01, 2.5815e+01, 2.5918e+01,
         2.5926e+01, 2.5934e+01, 2.2585e-02, 2.5980e+01, 1.7542e-01, 2.5823e+01,
         2.5894e+01, 2.5951e+01, 6.1024e-02, 1.0850e-01, 1.2758e-01, 2.5844e+01,
         1.1568e-01, 2.5917e+01, 2.5884e+01, 3.6961e-02, 2.5806e+01, 2.5985e+01],
        [2.5823e+01, 1.2239e-01, 2.5859e+01, 2.5813e+01, 4.6146e-02, 2.5990e+01,
         2.5862e+01, 1.7872e-01, 9.0458e-02, 1.2584e-01, 9.2201e-02, 2.5985e+01,
         2.5900e+01, 2.5868e+01, 3.2291e-02, 2.5942e+01, 1.7564e-01, 1.5999e-01,
         2.5906e+01, 2.5807e+01, 2.5895e+01, 1.9580e-01, 1.4348e-01, 1.5545e-01],
        [2.5987e+01, 2.5858e+01, 2.5890e+01, 1.4360e-01, 1.6391e-01, 2.5965e+01,
         1.2951e-01, 2.5897e+01, 5.0182e-02, 1.5592e-01, 1.1367e-01, 1.6457e-02,
         6.7434e-02, 1.8770e-01, 2.5807e+01, 2.5970e+01, 2.8261e-02, 1.8673e-03,
         1.8370e-01, 2.5855e+01, 2.5870e+01, 2.5995e+01, 1.2426e-02, 2.5935e+01],
        [8.5386e-02, 1.6615e-01, 7.1081e-02, 2.5998e+01, 1.8143e-01, 1.5275e-01,
         1.6074e-01, 1.5154e-01, 2.5893e+01, 5.5504e-03, 5.9137e-02, 2.5813e+01,
         2.5845e+01, 2.6155e-02, 2.5798e+01, 2.5924e+01, 2.5807e+01, 1.1269e-01,
         1.4981e-01, 2.5921e+01, 2.5947e+01, 1.6909e-02, 2.5857e+01, 2.5988e+01],
        [2.5988e+01, 1.5451e-01, 7.1596e-02, 8.0074e-02, 1.8417e-01, 2.5890e+01,
         2.5892e+01, 7.8836e-02, 2.5999e+01, 5.9958e-02, 8.4217e-02, 2.5862e+01,
         2.5832e+01, 2.5865e+01, 2.9150e-02, 2.5861e+01, 7.9918e-03, 4.0298e-02,
         2.5996e+01, 2.5939e+01, 2.5969e+01, 2.5801e+01, 1.6714e-01, 2.5892e+01],
        [4.3205e-02, 2.5922e+01, 2.0660e-02, 2.5925e+01, 2.5918e+01, 1.8566e-01,
         2.5860e+01, 1.4184e-01, 2.5899e+01, 2.5812e+01, 2.5911e+01, 1.8118e-01,
         2.0298e-01, 2.8353e-02, 1.9899e-01, 1.3288e-01, 2.5899e+01, 2.5924e+01,
         8.9632e-02, 2.5996e+01, 2.7630e-02, 2.5899e+01, 3.6390e-02, 4.0245e-04]])
model.0.bias: tensor([2.5885e+01, 2.5996e+01, 2.5927e+01, 1.9389e-01, 1.5318e-01, 2.5813e+01,
        1.6609e-01, 1.2684e-01, 1.0275e-01, 1.8843e-01, 2.5848e+01, 1.4850e-01,
        1.4381e-03, 1.7145e-01, 1.2681e-01, 1.4984e-01])
model.2.weight: tensor([[3.3962e-02, 8.2174e-02, 2.5870e+01, 2.5914e+01, 2.5765e+01, 2.5792e+01,
         6.4516e-02, 2.5936e+01, 5.8401e-02, 1.1489e-01, 2.5771e+01, 1.9958e-01,
         8.1541e-02, 1.9205e-01, 1.9171e-01, 2.5911e+01],
        [2.4902e-01, 9.1152e-02, 2.5782e+01, 2.5786e+01, 2.5812e-02, 1.0727e-01,
         2.5961e+01, 2.5780e+01, 2.5960e+01, 2.1041e-01, 1.6951e-01, 5.5187e-02,
         2.5857e+01, 2.5996e+01, 2.5867e+01, 1.0103e-01],
        [2.5841e+01, 1.0481e-01, 2.3656e-01, 2.5862e+01, 2.5782e+01, 2.5933e+01,
         3.3300e-02, 2.4505e-01, 2.5928e+01, 6.1665e-02, 2.3479e-01, 1.8139e-01,
         9.9852e-02, 2.5772e+01, 3.3010e-02, 2.0210e-01],
        [2.0894e-01, 2.0662e-01, 1.8858e-01, 2.2523e-01, 4.3613e-02, 2.5900e+01,
         1.5193e-01, 2.5883e+01, 1.3235e-01, 2.1165e-01, 1.8388e-01, 9.9697e-03,
         1.8621e-01, 6.1733e-02, 8.4057e-03, 2.5989e+01],
        [2.5868e+01, 2.5938e+01, 2.5961e+01, 1.5257e-01, 1.5231e-01, 2.4211e-01,
         1.9930e-02, 2.1298e-01, 2.5758e+01, 1.3035e-02, 2.5937e+01, 8.3555e-02,
         2.5884e+01, 2.5859e+01, 2.5889e+01, 1.8129e-02],
        [1.0969e-01, 2.5906e+01, 8.4496e-04, 2.5977e+01, 1.4551e-01, 2.5892e+01,
         2.5941e+01, 2.5880e+01, 6.3932e-02, 2.5762e+01, 2.3538e-01, 2.5808e+01,
         4.6394e-02, 1.4514e-01, 7.3338e-02, 2.1521e-01],
        [1.4536e-01, 2.5933e+01, 2.5983e+01, 2.5116e-02, 1.3795e-01, 1.6193e-01,
         2.0733e-01, 2.5947e+01, 2.5954e+01, 2.5906e+01, 2.5784e+01, 1.9420e-01,
         2.5876e+01, 6.1487e-02, 1.7846e-01, 2.5871e+01],
        [2.5959e+01, 3.1038e-02, 2.5827e+01, 1.3068e-01, 2.5784e+01, 1.8606e-01,
         9.4702e-02, 2.5804e+01, 4.5456e-02, 2.5795e+01, 2.5969e+01, 1.2202e-01,
         6.8010e-02, 7.0599e-02, 1.7526e-01, 1.1053e-02],
        [3.5843e-02, 2.5943e+01, 2.5965e+01, 2.1367e-01, 2.5979e+01, 2.5863e+01,
         2.5776e+01, 2.5853e+01, 7.9245e-02, 2.5943e+01, 2.5774e+01, 9.1412e-02,
         1.0010e-01, 7.4850e-02, 1.9049e-01, 2.2082e-01],
        [2.5780e+01, 2.5816e+01, 2.5990e+01, 1.2171e-01, 4.4201e-02, 2.5809e+01,
         2.5771e+01, 1.0973e-01, 2.0238e-01, 2.3272e-01, 2.5896e+01, 2.5875e+01,
         2.5881e+01, 1.3878e-01, 1.3385e-01, 2.5797e+01],
        [2.5782e+01, 4.4218e-02, 5.6629e-03, 1.7275e-01, 1.2271e-01, 1.9941e-01,
         2.5993e+01, 2.5897e+01, 2.5812e+01, 2.5916e+01, 2.5965e-02, 2.5872e+01,
         2.2725e-01, 1.8695e-01, 2.5753e+01, 2.5908e+01],
        [2.5921e+01, 2.5761e+01, 4.7115e-02, 2.1103e-02, 2.5802e+01, 1.6666e-01,
         2.5786e+01, 2.5975e+01, 2.5798e+01, 1.6110e-01, 2.4280e-01, 2.5836e+01,
         1.7904e-01, 1.4321e-01, 2.5988e+01, 2.5920e+01],
        [2.5803e+01, 2.0601e-01, 4.9841e-02, 1.3649e-01, 2.5831e+01, 2.5992e+01,
         1.8375e-01, 2.5980e+01, 8.8947e-02, 2.5856e+01, 2.5816e+01, 2.2369e-01,
         2.5862e+01, 7.1417e-02, 1.9222e-02, 1.0847e-01],
        [1.4362e-01, 2.5803e+01, 2.6000e+01, 2.3464e-01, 2.4181e-02, 2.5932e+01,
         2.2918e-01, 2.0717e-01, 2.5914e+01, 2.5780e+01, 8.3403e-02, 1.6192e-01,
         2.5979e+01, 2.5852e+01, 2.0636e-02, 2.5934e+01],
        [2.5884e+01, 2.5898e+01, 6.7829e-02, 2.5816e+01, 1.6809e-01, 1.4358e-01,
         8.8940e-03, 2.5820e+01, 1.1059e-01, 2.5823e+01, 2.5936e+01, 2.5864e+01,
         2.4393e-02, 2.4695e-01, 6.6288e-02, 2.5987e+01],
        [1.5354e-01, 2.5901e+01, 2.5828e+01, 2.5873e+01, 2.5821e+01, 6.0070e-02,
         1.1459e-02, 1.3171e-01, 1.2114e-01, 2.5783e+01, 2.5824e+01, 1.0072e-01,
         1.9100e-01, 2.0054e-01, 2.5766e+01, 2.1769e-01],
        [2.3762e-01, 2.5808e+01, 2.5760e+01, 2.5799e+01, 2.5775e+01, 1.8551e-01,
         1.6422e-01, 2.5978e+01, 9.1204e-02, 2.5911e+01, 7.8665e-02, 2.5866e+01,
         2.5996e+01, 2.5783e+01, 2.4066e-01, 2.5860e+01],
        [9.4416e-02, 2.5894e+01, 1.2133e-01, 2.5759e+01, 1.7055e-01, 2.0047e-01,
         2.5925e+01, 2.5916e+01, 1.8384e-01, 1.1534e-01, 7.7724e-03, 2.0095e-01,
         2.5793e+01, 1.1729e-01, 2.4921e-01, 2.5897e+01],
        [2.5956e+01, 8.2109e-02, 1.2394e-01, 2.5786e+01, 2.5861e+01, 1.5945e-01,
         2.5817e+01, 2.4608e-01, 2.2351e-01, 2.5753e+01, 2.5499e-02, 2.5848e+01,
         2.5769e+01, 1.7687e-02, 1.4157e-01, 2.5760e+01],
        [1.8937e-01, 1.0197e-02, 1.8112e-01, 2.5949e+01, 2.5817e+01, 2.5762e+01,
         2.2856e-01, 7.5214e-02, 2.5961e+01, 9.0895e-02, 1.0434e-01, 6.8365e-02,
         1.1830e-01, 2.5798e+01, 1.2818e-01, 2.5846e+01],
        [2.5939e+01, 2.2587e-01, 2.5889e+01, 2.5930e+01, 1.1442e-01, 1.1202e-01,
         5.6129e-02, 2.4183e-01, 2.5890e+01, 2.5908e+01, 2.0629e-01, 2.4389e-02,
         1.5167e-01, 3.6449e-02, 5.0646e-02, 1.6388e-01],
        [9.5709e-02, 2.2510e-01, 2.5781e+01, 2.5963e+01, 2.5996e+01, 2.5787e+01,
         1.0283e-02, 2.4808e-01, 2.5826e+01, 2.5997e+01, 2.5883e+01, 2.5847e+01,
         2.5948e+01, 4.6387e-02, 2.5799e+01, 5.9319e-03],
        [1.2221e-01, 2.0375e-01, 2.5898e+01, 9.2777e-02, 2.1379e-01, 2.5889e+01,
         9.9924e-02, 1.7068e-01, 2.5804e+01, 2.5926e+01, 2.5787e+01, 2.5967e+01,
         2.5995e+01, 2.5832e+01, 2.5812e+01, 2.5808e+01],
        [4.9356e-02, 8.4917e-02, 2.5962e+01, 2.5969e+01, 2.5944e+01, 1.5579e-01,
         2.5866e+01, 1.3601e-01, 6.0818e-02, 2.5925e+01, 5.9093e-02, 2.5964e+01,
         4.7924e-02, 2.5935e+01, 2.1074e-01, 2.5791e+01],
        [2.5883e+01, 1.3040e-01, 2.5825e+01, 2.5815e+01, 2.4110e-01, 1.6426e-01,
         3.6648e-02, 2.0530e-01, 1.3834e-01, 2.5899e+01, 2.5903e+01, 2.2331e-01,
         2.5976e+01, 2.5831e+01, 1.2435e-01, 2.5852e+01],
        [6.2510e-02, 2.5758e+01, 2.4291e-01, 1.1221e-01, 6.1209e-02, 4.4155e-02,
         2.1299e-01, 2.5853e+01, 2.5946e+01, 4.4170e-02, 2.2448e-01, 7.9515e-02,
         2.5834e+01, 2.5991e+01, 2.5927e+01, 1.6686e-01],
        [1.2356e-01, 2.5777e+01, 2.5823e+01, 3.2585e-02, 2.5765e+01, 2.5945e+01,
         1.8041e-01, 2.5906e+01, 8.0799e-02, 2.5841e+01, 9.7166e-02, 2.5772e+01,
         3.3262e-02, 2.5950e+01, 2.5892e+01, 2.5934e+01],
        [2.5754e+01, 2.1636e-01, 2.5993e+01, 2.5902e-03, 4.5904e-02, 1.7171e-01,
         8.7473e-02, 8.1091e-02, 2.5839e+01, 2.5999e+01, 2.5943e+01, 9.4635e-02,
         2.5827e+01, 2.3472e-01, 1.4070e-01, 2.5927e+01],
        [9.2117e-02, 8.4660e-02, 1.1214e-01, 2.5843e+01, 2.5843e+01, 1.6925e-01,
         2.4440e-01, 2.5819e+01, 2.5922e+01, 2.5888e+01, 2.0444e-01, 2.5974e+01,
         2.5888e+01, 3.4094e-02, 2.5826e+01, 1.4002e-01],
        [2.5946e+01, 2.5880e+01, 2.5851e+01, 1.4415e-01, 2.5810e+01, 6.0932e-02,
         2.5843e+01, 5.3616e-02, 2.3440e-01, 2.5838e+01, 8.8161e-02, 2.5820e+01,
         2.5981e+01, 2.5972e+01, 2.4248e-01, 2.5988e+01],
        [1.0983e-01, 2.5969e+01, 2.5867e+01, 8.3353e-02, 2.0111e-01, 2.5893e+01,
         2.5848e+01, 2.0292e-01, 2.5807e+01, 1.3261e-01, 2.5894e+01, 1.8634e-01,
         2.0547e-01, 2.5996e+01, 2.5959e+01, 2.4498e-01],
        [2.3531e-01, 2.5950e+01, 2.3354e-01, 2.5885e+01, 2.5940e+01, 2.5931e+01,
         9.5526e-02, 8.4528e-02, 5.7896e-02, 2.5833e+01, 1.8080e-01, 1.7572e-01,
         2.5854e+01, 1.0740e-01, 2.5759e+01, 1.3054e-01]])
model.2.bias: tensor([2.5888e+01, 2.5798e+01, 1.4096e-01, 1.4888e-01, 2.2640e-01, 2.5943e+01,
        2.5990e+01, 1.9215e-02, 2.5757e+01, 2.1970e-01, 2.5789e+01, 5.3473e-02,
        1.8787e-01, 2.5797e+01, 2.5827e+01, 1.8106e-01, 2.5872e+01, 1.1785e-01,
        2.5807e+01, 1.1814e-01, 2.5943e+01, 1.9112e-01, 2.5778e+01, 1.6886e-01,
        1.7689e-01, 2.5985e+01, 2.5937e+01, 3.5252e-02, 2.5750e+01, 2.6449e-02,
        2.5884e+01, 2.5877e+01])
model.4.weight: tensor([[8.0057e-02, 2.5976e+01, 1.3411e-01, 2.5999e+01, 2.5823e+01, 1.1752e-01,
         2.5912e+01, 3.3327e-02, 7.7391e-02, 2.5853e+01, 1.0097e-01, 2.5901e+01,
         2.5998e+01, 2.5863e+01, 2.5971e+01, 2.5991e+01, 1.5125e-02, 2.5867e+01,
         5.5504e-03, 1.6541e-01, 8.0746e-02, 1.6517e-01, 1.6630e-01, 1.5590e-01,
         2.5961e+01, 2.5932e+01, 9.3534e-02, 2.5833e+01, 2.5849e+01, 8.6327e-02,
         1.4448e-01, 2.5840e+01],
        [2.5904e+01, 1.7178e-01, 1.4629e-02, 1.4819e-01, 3.8090e-02, 2.5824e+01,
         2.5965e+01, 2.5966e+01, 1.1281e-01, 1.2431e-01, 2.5898e+01, 2.5963e+01,
         4.4477e-02, 2.5836e+01, 5.7102e-02, 2.5909e+01, 2.5939e+01, 1.6053e-01,
         9.7036e-02, 2.5933e+01, 5.8504e-02, 8.8455e-02, 6.0364e-02, 5.4007e-02,
         2.5963e+01, 2.5948e+01, 2.5905e+01, 2.5965e+01, 2.5855e+01, 3.4374e-02,
         5.8033e-02, 2.5000e-02],
        [2.5955e+01, 3.1015e-02, 2.5834e+01, 2.5869e+01, 4.1010e-02, 6.5104e-02,
         2.5932e+01, 5.7100e-02, 2.5859e+01, 2.5943e+01, 2.7498e-02, 2.5870e+01,
         1.3683e-01, 1.7220e-01, 1.1268e-01, 2.5837e+01, 3.4176e-02, 2.5998e+01,
         1.6038e-01, 7.0763e-02, 1.4122e-01, 9.1480e-02, 1.4972e-01, 2.5897e+01,
         2.5968e+01, 2.5911e+01, 2.5939e+01, 2.5953e+01, 2.5900e+01, 1.0067e-02,
         2.5839e+01, 6.4816e-02],
        [2.5848e+01, 5.7253e-02, 2.5985e+01, 2.5873e+01, 1.6143e-01, 1.3281e-01,
         2.5921e+01, 2.5895e+01, 9.6991e-02, 1.7239e-01, 1.2937e-01, 2.5862e+01,
         2.5869e+01, 2.5946e+01, 2.5995e+01, 8.3126e-02, 4.6921e-04, 1.1035e-01,
         1.0592e-01, 2.5878e+01, 4.4895e-02, 2.5990e+01, 2.5828e+01, 2.5834e+01,
         2.5935e+01, 2.5929e+01, 4.3247e-02, 5.8676e-02, 2.5906e+01, 1.5195e-01,
         3.5786e-02, 5.1830e-02],
        [2.5990e+01, 1.6647e-01, 5.9601e-02, 4.6772e-02, 1.3263e-01, 2.5916e+01,
         1.1564e-01, 7.6849e-02, 2.5864e+01, 4.2677e-02, 1.1645e-01, 6.5060e-02,
         2.5937e+01, 1.2351e-01, 1.2080e-01, 9.4374e-02, 5.1863e-02, 2.5978e+01,
         2.5827e+01, 2.5897e+01, 2.5875e+01, 2.5920e+01, 2.5970e+01, 2.5976e+01,
         1.6523e-01, 2.5827e+01, 6.2605e-02, 1.3639e-01, 2.7351e-03, 2.5963e+01,
         2.5916e+01, 2.5871e+01],
        [2.5849e+01, 2.5836e+01, 2.5916e+01, 1.8406e-02, 4.4506e-02, 1.3472e-02,
         1.7532e-02, 2.5956e+01, 2.5971e+01, 2.5835e+01, 7.8022e-02, 2.5956e+01,
         7.9554e-02, 2.5830e+01, 1.9676e-02, 4.1182e-02, 2.5958e+01, 5.1556e-02,
         3.9339e-02, 2.5959e+01, 1.1994e-01, 2.5970e+01, 7.9454e-02, 6.5804e-02,
         2.5912e+01, 1.1096e-01, 2.5929e+01, 1.3272e-01, 8.0042e-02, 9.6848e-02,
         3.2305e-02, 1.6121e-01],
        [2.4250e-02, 2.5874e+01, 2.5834e+01, 2.5880e+01, 6.5012e-02, 2.5897e+01,
         1.7612e-01, 2.5997e+01, 2.5863e+01, 1.0200e-01, 2.5946e+01, 1.3661e-01,
         3.4542e-02, 2.5879e+01, 7.6517e-02, 2.5863e+01, 2.5892e+01, 2.5935e+01,
         4.4031e-02, 1.0934e-01, 2.5997e+01, 2.5839e+01, 1.3704e-01, 5.0938e-02,
         7.3572e-02, 2.5889e+01, 2.5886e+01, 4.1082e-02, 1.3877e-01, 2.5909e+01,
         2.5875e+01, 7.5499e-02],
        [2.5893e+01, 2.5824e+01, 2.5847e+01, 2.5882e+01, 2.5911e+01, 7.5891e-02,
         2.5888e+01, 2.5864e+01, 1.8805e-02, 9.8150e-02, 2.5886e+01, 1.5993e-01,
         1.3218e-01, 1.1270e-01, 2.5897e+01, 2.5880e+01, 6.8344e-02, 5.4976e-02,
         1.6887e-01, 2.5877e+01, 2.5903e+01, 2.5999e+01, 1.6894e-01, 1.5791e-01,
         2.5845e+01, 2.5901e+01, 1.6350e-01, 2.5946e+01, 2.5877e+01, 1.2491e-01,
         2.5842e+01, 1.4915e-03],
        [8.4410e-02, 1.2689e-01, 1.3709e-01, 5.0428e-02, 1.7093e-01, 3.1586e-03,
         2.5838e+01, 1.4473e-01, 2.5876e+01, 2.5897e+01, 2.5936e+01, 2.5849e+01,
         3.3344e-02, 2.5881e+01, 2.5876e+01, 2.5839e+01, 1.0662e-01, 8.4934e-03,
         2.5859e+01, 2.5852e+01, 2.5982e+01, 1.3551e-01, 1.5158e-02, 1.3542e-04,
         1.7511e-01, 2.5950e+01, 1.6725e-01, 5.2198e-02, 2.5824e+01, 1.0635e-01,
         2.5977e+01, 1.5200e-01],
        [1.7303e-01, 2.5986e+01, 2.5955e+01, 2.5950e+01, 2.5996e+01, 1.0029e-01,
         2.5909e+01, 7.7915e-02, 2.5894e+01, 8.0185e-02, 2.5919e+01, 2.5917e+01,
         2.5855e+01, 2.5891e+01, 6.5842e-03, 8.1083e-02, 4.8637e-04, 2.5966e+01,
         2.5974e+01, 2.5913e+01, 2.5935e+01, 2.5933e+01, 1.3561e-02, 2.5841e+01,
         2.5833e+01, 2.5963e+01, 2.5878e+01, 2.5943e+01, 1.4153e-01, 2.0597e-02,
         1.4268e-01, 8.5201e-02],
        [2.5982e+01, 8.9983e-02, 2.3657e-02, 1.3120e-01, 2.5970e+01, 1.3754e-01,
         2.5847e+01, 2.5832e+01, 2.5825e+01, 7.0621e-02, 2.5946e+01, 1.2539e-01,
         2.5994e+01, 2.5972e+01, 2.4691e-02, 8.2289e-02, 2.2718e-02, 3.8345e-02,
         5.7013e-02, 7.8068e-02, 2.5891e+01, 1.4827e-01, 2.5948e+01, 1.4624e-01,
         2.5866e+01, 2.5856e+01, 2.5951e+01, 1.7255e-01, 2.5961e+01, 7.1600e-02,
         2.5920e+01, 1.2901e-01],
        [5.5655e-02, 8.5751e-02, 9.5524e-02, 5.3110e-02, 2.5830e+01, 1.3506e-01,
         1.0479e-01, 3.9799e-02, 2.5897e+01, 2.5868e+01, 2.3623e-02, 1.4962e-01,
         3.7136e-02, 2.5922e+01, 2.5855e+01, 2.5873e+01, 2.5943e+01, 2.5843e+01,
         2.5864e+01, 5.0917e-02, 2.5832e+01, 2.5997e+01, 2.5920e+01, 2.5874e+01,
         8.6496e-02, 7.3814e-02, 2.5959e+01, 2.5913e+01, 1.7639e-01, 2.5917e+01,
         2.5921e+01, 2.5889e+01],
        [2.5967e+01, 2.5912e+01, 3.5608e-02, 2.5990e+01, 2.0849e-02, 2.5876e+01,
         2.5935e+01, 8.2546e-02, 2.5874e+01, 2.5982e+01, 1.5380e-01, 2.5887e+01,
         6.1016e-02, 2.5918e+01, 3.7363e-02, 5.8062e-02, 2.5930e+01, 6.8447e-02,
         2.5975e+01, 2.5961e+01, 5.5967e-02, 6.2641e-02, 2.5896e+01, 2.5939e+01,
         6.3398e-02, 1.6725e-01, 1.5104e-01, 2.5962e+01, 6.2618e-03, 2.5887e+01,
         2.5944e+01, 7.3057e-02],
        [2.5838e+01, 3.3810e-02, 1.0108e-01, 2.3853e-02, 1.4790e-01, 2.5976e+01,
         1.2667e-01, 2.5843e+01, 9.5621e-02, 1.4543e-01, 7.0803e-02, 2.5945e+01,
         2.5948e+01, 2.5893e+01, 2.5895e+01, 2.5993e+01, 2.5865e+01, 1.5035e-01,
         1.0889e-01, 2.2802e-02, 4.9274e-02, 2.5910e+01, 2.5927e+01, 1.1003e-01,
         2.5831e+01, 2.5830e+01, 2.5982e+01, 2.9310e-02, 2.5939e+01, 2.5948e+01,
         2.5914e+01, 2.5880e+01],
        [2.5850e+01, 2.5825e+01, 1.2351e-01, 2.5970e+01, 4.8796e-02, 2.5933e+01,
         1.4964e-01, 2.5888e+01, 2.5982e+01, 1.7357e-01, 2.5882e+01, 2.5995e+01,
         1.3115e-01, 2.5917e+01, 2.5915e+01, 2.5905e+01, 4.9923e-02, 2.5962e+01,
         1.3813e-01, 4.0621e-02, 1.2069e-01, 2.5974e+01, 1.2937e-01, 2.5888e+01,
         2.5884e+01, 2.5995e+01, 1.5863e-02, 2.5896e+01, 2.5999e+01, 2.5911e+01,
         1.5091e-01, 2.5904e+01],
        [7.7665e-02, 2.5888e+01, 7.7024e-02, 2.5973e+01, 2.5944e+01, 2.5970e+01,
         2.5964e+01, 2.5987e+01, 5.3673e-02, 2.5849e+01, 1.6306e-02, 2.5920e+01,
         2.7735e-02, 2.5907e+01, 2.5884e+01, 2.5920e+01, 1.0427e-01, 2.5966e+01,
         2.5873e+01, 2.5958e+01, 2.5913e+01, 2.5832e+01, 2.5874e+01, 1.1266e-01,
         2.5921e+01, 2.5905e+01, 2.5967e+01, 2.5928e+01, 4.3983e-02, 2.3726e-02,
         4.3812e-02, 2.5865e+01]])
model.4.bias: tensor([2.5979e+01, 2.5947e+01, 2.5920e+01, 1.3577e-02, 2.4532e-02, 1.0254e-01,
        1.7528e-01, 9.1509e-02, 2.5959e+01, 2.5993e+01, 2.5842e+01, 2.5861e+01,
        2.5997e+01, 1.9648e-02, 1.6669e-01, 2.5828e+01])
model.6.weight: tensor([[2.2528e-02, 9.9695e-02, 2.5840e+01, 2.5770e+01, 1.1016e-01, 3.0384e-02,
         2.5998e+01, 3.8759e-02, 6.9376e-02, 2.5919e+01, 1.8778e-01, 2.5810e+01,
         1.0338e-01, 2.5758e+01, 2.5953e+01, 2.5965e+01],
        [3.8189e-02, 2.5923e+01, 2.5895e+01, 2.5789e+01, 1.3056e-01, 2.5760e+01,
         1.5768e-02, 2.1677e-01, 9.2596e-02, 1.2144e-01, 2.4226e-01, 2.5932e+01,
         8.5489e-02, 2.5796e+01, 2.5864e+01, 2.5954e+01],
        [1.6797e-01, 2.1820e-02, 2.5896e+01, 2.5969e+01, 6.3477e-02, 2.5770e+01,
         2.5824e+01, 6.1106e-02, 2.4118e-01, 2.5762e+01, 2.5764e+01, 2.5800e+01,
         2.5750e+01, 2.0010e-01, 1.6171e-01, 2.5784e+01],
        [2.5900e+01, 2.5807e+01, 1.2685e-01, 2.5904e+01, 2.5924e+01, 2.5946e+01,
         2.5774e+01, 2.5796e+01, 8.1703e-02, 1.1859e-01, 5.4699e-02, 2.2132e-01,
         2.5973e+01, 1.9705e-01, 5.8193e-03, 2.5957e+01],
        [1.4797e-02, 2.5936e+01, 7.8365e-02, 6.4535e-02, 1.5492e-01, 2.5872e+01,
         6.4358e-02, 2.3188e-01, 2.5894e+01, 8.8787e-02, 3.8265e-02, 5.6904e-02,
         4.6576e-02, 2.2488e-03, 2.5761e+01, 2.5799e+01]])
model.6.bias: tensor([2.5814e+01, 2.5794e+01, 7.6866e-02, 6.9923e-03, 2.5798e+01])
Client Model Params after encryption: 0

model.0.weight: tensor([[12.9764, 12.8172, 12.8985, 13.1243, 12.8396, 12.9317, 13.0345, 12.9952,
         13.0560, 13.1311, 12.8209, 13.1431, 12.8001, 12.8529, 12.8849, 12.9493,
         12.9969, 13.1705, 13.1854, 12.9721, 13.1001, 13.0422, 12.8995, 13.2019],
        [12.8150, 13.1823, 12.9787, 13.1201, 12.9305, 13.0623, 12.8796, 13.1358,
         12.7999, 12.9708, 12.9235, 12.8267, 13.0498, 12.9130, 12.9460, 13.1735,
         12.9878, 12.9746, 12.9390, 13.1960, 12.9632, 12.9008, 12.9127, 13.0952],
        [12.9517, 13.0824, 12.8380, 13.0602, 13.0945, 13.1135, 12.8754, 12.9302,
         12.8957, 12.9501, 13.0797, 12.9524, 13.1759, 12.8614, 13.1184, 13.1527,
         12.8605, 12.8053, 12.8975, 12.8039, 12.9053, 12.8948, 12.9854, 12.8370],
        [13.1598, 12.9472, 12.9184, 13.1878, 12.9280, 12.8826, 12.8131, 13.0369,
         12.9900, 12.8586, 12.9921, 12.9846, 13.0377, 12.9175, 13.0905, 13.1995,
         12.9193, 13.0246, 12.8711, 13.0311, 12.9618, 12.8570, 12.8562, 12.9713],
        [12.8164, 12.9449, 13.1394, 12.9142, 12.9902, 13.1774, 12.8589, 12.9722,
         13.0579, 12.8415, 13.0543, 12.9371, 13.1210, 13.1004, 13.0288, 13.1678,
         12.9549, 13.0573, 13.1820, 13.1495, 13.0851, 12.9382, 12.9446, 12.8773],
        [13.0814, 13.0465, 12.8825, 13.1516, 13.1565, 13.1223, 12.9074, 13.0516,
         13.1778, 12.9645, 12.8927, 13.0690, 13.1419, 13.0161, 13.1816, 13.0278,
         13.0587, 13.0055, 12.9408, 13.1019, 12.9343, 13.0505, 13.0350, 13.0116],
        [12.9113, 12.9551, 13.1468, 12.9888, 12.9755, 12.8011, 13.1321, 12.9120,
         13.0333, 12.8315, 12.9468, 12.8227, 12.9874, 13.1284, 12.9246, 12.9860,
         12.8770, 13.0902, 12.8185, 12.8494, 13.0174, 12.7972, 13.0044, 12.9961],
        [13.0292, 12.8940, 13.1680, 12.9847, 12.9136, 13.1527, 12.8226, 12.9426,
         13.0535, 13.1757, 13.1094, 12.8535, 13.0459, 12.9892, 12.9826, 12.9147,
         12.8180, 13.1219, 12.9877, 13.1278, 12.8887, 13.0093, 12.8617, 13.1212],
        [12.8412, 12.9036, 12.9198, 12.9561, 13.0413, 12.9835, 12.9859, 12.8798,
         12.8476, 12.8605, 13.1570, 12.9481, 12.9126, 13.1914, 12.8903, 12.9146,
         12.8665, 12.8115, 12.8720, 13.0192, 13.1091, 12.8719, 12.8829, 13.1654],
        [12.8982, 13.1926, 13.0236, 12.9129, 12.8047, 13.0174, 12.8617, 12.9209,
         12.8879, 12.8234, 12.9819, 13.1919, 13.1536, 12.9467, 13.1696, 13.0052,
         12.9920, 13.1602, 13.0751, 12.9781, 12.8439, 12.9825, 12.8855, 13.0157],
        [12.8267, 13.0395, 13.0037, 12.8017, 12.8152, 12.9176, 12.9259, 12.9342,
         13.0226, 12.9801, 13.1754, 12.8227, 12.8937, 12.9510, 13.0610, 13.1085,
         13.1276, 12.8439, 13.1157, 12.9166, 12.8841, 13.0370, 12.8058, 12.9853],
        [12.8226, 13.1224, 12.8592, 12.8131, 13.0461, 12.9903, 12.8622, 13.1787,
         13.0905, 13.1258, 13.0922, 12.9845, 12.9001, 12.8680, 13.0323, 12.9417,
         13.1756, 13.1600, 12.9058, 12.8069, 12.8950, 13.1958, 13.1435, 13.1554],
        [12.9866, 12.8578, 12.8901, 13.1436, 13.1639, 12.9652, 13.1295, 12.8965,
         13.0502, 13.1559, 13.1137, 13.0165, 13.0674, 13.1877, 12.8065, 12.9700,
         13.0283, 13.0019, 13.1837, 12.8550, 12.8704, 12.9951, 13.0124, 12.9348],
        [13.0854, 13.1661, 13.0711, 12.9979, 13.1814, 13.1528, 13.1607, 13.1515,
         12.8932, 13.0056, 13.0591, 12.8135, 12.8449, 13.0262, 12.7976, 12.9243,
         12.8070, 13.1127, 13.1498, 12.9207, 12.9474, 13.0169, 12.8569, 12.9877],
        [12.9877, 13.1545, 13.0716, 13.0801, 13.1842, 12.8900, 12.8920, 13.0788,
         12.9986, 13.0600, 13.0842, 12.8616, 12.8318, 12.8650, 13.0292, 12.8605,
         13.0080, 13.0403, 12.9964, 12.9395, 12.9688, 12.8008, 13.1671, 12.8921],
        [13.0432, 12.9217, 13.0207, 12.9254, 12.9179, 13.1857, 12.8603, 13.1418,
         12.8994, 12.8118, 12.9111, 13.1812, 13.2030, 13.0284, 13.1990, 13.1329,
         12.8994, 12.9240, 13.0896, 12.9958, 13.0276, 12.8990, 13.0364, 13.0004]])
model.0.bias: tensor([12.8848, 12.9955, 12.9272, 13.1939, 13.1532, 12.8127, 13.1661, 13.1268,
        13.1028, 13.1884, 12.8481, 13.1485, 13.0014, 13.1714, 13.1268, 13.1498])
model.2.weight: tensor([[13.0340, 13.0822, 12.8695, 12.9141, 12.7649, 12.7920, 13.0645, 12.9358,
         13.0584, 13.1149, 12.7710, 13.1996, 13.0815, 13.1921, 13.1917, 12.9108],
        [13.2490, 13.0912, 12.7820, 12.7856, 13.0258, 13.1073, 12.9609, 12.7805,
         12.9602, 13.2104, 13.1695, 13.0552, 12.8571, 12.9965, 12.8672, 13.1010],
        [12.8410, 13.1048, 13.2366, 12.8621, 12.7818, 12.9330, 13.0333, 13.2451,
         12.9284, 13.0617, 13.2348, 13.1814, 13.0999, 12.7723, 13.0330, 13.2021],
        [13.2089, 13.2066, 13.1886, 13.2252, 13.0436, 12.9004, 13.1519, 12.8827,
         13.1323, 13.2117, 13.1839, 13.0100, 13.1862, 13.0617, 13.0084, 12.9892],
        [12.8683, 12.9379, 12.9611, 13.1526, 13.1523, 13.2421, 13.0199, 13.2130,
         12.7579, 13.0130, 12.9372, 13.0836, 12.8837, 12.8586, 12.8894, 13.0181],
        [13.1097, 12.9057, 13.0008, 12.9768, 13.1455, 12.8918, 12.9412, 12.8803,
         13.0639, 12.7615, 13.2354, 12.8083, 13.0464, 13.1451, 13.0733, 13.2152],
        [13.1454, 12.9330, 12.9830, 13.0251, 13.1379, 13.1619, 13.2073, 12.9474,
         12.9543, 12.9062, 12.7836, 13.1942, 12.8756, 13.0615, 13.1785, 12.8713],
        [12.9586, 13.0310, 12.8268, 13.1307, 12.7843, 13.1861, 13.0947, 12.8040,
         13.0455, 12.7949, 12.9690, 13.1220, 13.0680, 13.0706, 13.1753, 13.0111],
        [13.0358, 12.9428, 12.9645, 13.2137, 12.9788, 12.8633, 12.7764, 12.8527,
         13.0792, 12.9426, 12.7743, 13.0914, 13.1001, 13.0749, 13.1905, 13.2208],
        [12.7798, 12.8159, 12.9903, 13.1217, 13.0442, 12.8088, 12.7712, 13.1097,
         13.2024, 13.2327, 12.8964, 12.8755, 12.8812, 13.1388, 13.1339, 12.7970],
        [12.7816, 13.0442, 13.0057, 13.1727, 13.1227, 13.1994, 12.9934, 12.8970,
         12.8118, 12.9163, 13.0260, 12.8715, 13.2272, 13.1869, 12.7527, 12.9084],
        [12.9210, 12.7611, 13.0471, 13.0211, 12.8022, 13.1667, 12.7857, 12.9752,
         12.7981, 13.1611, 13.2428, 12.8356, 13.1790, 13.1432, 12.9877, 12.9202],
        [12.8032, 13.2060, 13.0498, 13.1365, 12.8306, 12.9920, 13.1838, 12.9795,
         13.0889, 12.8562, 12.8160, 13.2237, 12.8619, 13.0714, 13.0192, 13.1085],
        [13.1436, 12.8030, 12.9997, 13.2346, 13.0242, 12.9315, 13.2292, 13.2072,
         12.9138, 12.7799, 13.0834, 13.1619, 12.9787, 12.8515, 13.0206, 12.9339],
        [12.8839, 12.8976, 13.0678, 12.8165, 13.1681, 13.1436, 13.0089, 12.8201,
         13.1106, 12.8229, 12.9364, 12.8642, 13.0244, 13.2470, 13.0663, 12.9874],
        [13.1535, 12.9009, 12.8282, 12.8732, 12.8213, 13.0601, 13.0115, 13.1317,
         13.1211, 12.7829, 12.8242, 13.1007, 13.1910, 13.2005, 12.7656, 13.2177],
        [13.2376, 12.8078, 12.7597, 12.7985, 12.7751, 13.1855, 13.1642, 12.9781,
         13.0912, 12.9111, 13.0787, 12.8665, 12.9958, 12.7832, 13.2407, 12.8599],
        [13.0944, 12.8944, 13.1213, 12.7590, 13.1705, 13.2005, 12.9250, 12.9159,
         13.1838, 13.1153, 13.0078, 13.2009, 12.7926, 13.1173, 13.2492, 12.8966],
        [12.9560, 13.0821, 13.1239, 12.7861, 12.8610, 13.1595, 12.8172, 13.2461,
         13.2235, 12.7526, 13.0255, 12.8477, 12.7690, 13.0177, 13.1416, 12.7601],
        [13.1894, 13.0102, 13.1811, 12.9493, 12.8168, 12.7618, 13.2286, 13.0752,
         12.9613, 13.0909, 13.1043, 13.0684, 13.1183, 12.7981, 13.1282, 12.8460],
        [12.9392, 13.2259, 12.8885, 12.9296, 13.1144, 13.1120, 13.0561, 13.2418,
         12.8902, 12.9079, 13.2063, 13.0244, 13.1517, 13.0364, 13.0506, 13.1639],
        [13.0957, 13.2251, 12.7812, 12.9630, 12.9957, 12.7867, 13.0103, 13.2481,
         12.8260, 12.9969, 12.8828, 12.8468, 12.9480, 13.0464, 12.7988, 13.0059],
        [13.1222, 13.2038, 12.8983, 13.0928, 13.2138, 12.8891, 13.0999, 13.1707,
         12.8037, 12.9258, 12.7873, 12.9667, 12.9952, 12.8323, 12.8122, 12.8084],
        [13.0494, 13.0849, 12.9618, 12.9688, 12.9437, 13.1558, 12.8657, 13.1360,
         13.0608, 12.9251, 13.0591, 12.9636, 13.0479, 12.9346, 13.2107, 12.7914],
        [12.8826, 13.1304, 12.8247, 12.8147, 13.2411, 13.1643, 13.0366, 13.2053,
         13.1383, 12.8990, 12.9033, 13.2233, 12.9761, 12.8312, 13.1243, 12.8516],
        [13.0625, 12.7581, 13.2429, 13.1122, 13.0612, 13.0442, 13.2130, 12.8526,
         12.9456, 13.0442, 13.2245, 13.0795, 12.8343, 12.9912, 12.9269, 13.1669],
        [13.1236, 12.7769, 12.8227, 13.0326, 12.7647, 12.9455, 13.1804, 12.9055,
         13.0808, 12.8407, 13.0972, 12.7724, 13.0333, 12.9500, 12.8924, 12.9336],
        [12.7542, 13.2164, 12.9932, 13.0026, 13.0459, 13.1717, 13.0875, 13.0811,
         12.8395, 12.9992, 12.9433, 13.0946, 12.8274, 13.2347, 13.1407, 12.9274],
        [13.0921, 13.0847, 13.1121, 12.8433, 12.8429, 13.1693, 13.2444, 12.8186,
         12.9222, 12.8880, 13.2044, 12.9738, 12.8880, 13.0341, 12.8262, 13.1400],
        [12.9459, 12.8802, 12.8508, 13.1442, 12.8102, 13.0609, 12.8430, 13.0536,
         13.2344, 12.8383, 13.0882, 12.8200, 12.9813, 12.9724, 13.2425, 12.9879],
        [13.1098, 12.9688, 12.8668, 13.0834, 13.2011, 12.8933, 12.8475, 13.2029,
         12.8072, 13.1326, 12.8944, 13.1863, 13.2055, 12.9959, 12.9592, 13.2450],
        [13.2353, 12.9500, 13.2335, 12.8854, 12.9403, 12.9306, 13.0955, 13.0845,
         13.0579, 12.8326, 13.1808, 13.1757, 12.8543, 13.1074, 12.7587, 13.1305]])
model.2.bias: tensor([12.8881, 12.7977, 13.1410, 13.1489, 13.2264, 12.9431, 12.9899, 13.0192,
        12.7574, 13.2197, 12.7892, 13.0535, 13.1879, 12.7971, 12.8272, 13.1811,
        12.8724, 13.1178, 12.8068, 13.1181, 12.9427, 13.1911, 12.7785, 13.1689,
        13.1769, 12.9853, 12.9369, 13.0353, 12.7501, 13.0264, 12.8837, 12.8767])
model.4.weight: tensor([[13.0801, 12.9764, 13.1341, 12.9994, 12.8233, 13.1175, 12.9123, 13.0333,
         13.0774, 12.8535, 13.1010, 12.9006, 12.9977, 12.8629, 12.9715, 12.9912,
         13.0151, 12.8668, 13.0056, 13.1654, 13.0807, 13.1652, 13.1663, 13.1559,
         12.9611, 12.9324, 13.0935, 12.8334, 12.8491, 13.0863, 13.1445, 12.8404],
        [12.9041, 13.1718, 13.0146, 13.1482, 13.0381, 12.8241, 12.9645, 12.9656,
         13.1128, 13.1243, 12.8984, 12.9629, 13.0445, 12.8359, 13.0571, 12.9087,
         12.9391, 13.1605, 13.0970, 12.9333, 13.0585, 13.0885, 13.0604, 13.0540,
         12.9632, 12.9483, 12.9052, 12.9649, 12.8549, 13.0344, 13.0580, 13.0250],
        [12.9552, 13.0310, 12.8339, 12.8689, 13.0410, 13.0651, 12.9324, 13.0571,
         12.8593, 12.9433, 13.0275, 12.8702, 13.1368, 13.1722, 13.1127, 12.8373,
         13.0342, 12.9977, 13.1604, 13.0708, 13.1412, 13.0915, 13.1497, 12.8966,
         12.9677, 12.9110, 12.9391, 12.9527, 12.8997, 13.0101, 12.8390, 13.0648],
        [12.8479, 13.0573, 12.9851, 12.8726, 13.1614, 13.1328, 12.9212, 12.8947,
         13.0970, 13.1724, 13.1294, 12.8621, 12.8692, 12.9464, 12.9947, 13.0831,
         13.0005, 13.1103, 13.1059, 12.8779, 13.0449, 12.9895, 12.8280, 12.8344,
         12.9353, 12.9292, 13.0432, 13.0587, 12.9062, 13.1520, 13.0358, 13.0518],
        [12.9896, 13.1665, 13.0596, 13.0468, 13.1326, 12.9164, 13.1156, 13.0768,
         12.8639, 13.0427, 13.1164, 13.0651, 12.9366, 13.1235, 13.1208, 13.0944,
         13.0519, 12.9783, 12.8272, 12.8972, 12.8745, 12.9201, 12.9701, 12.9763,
         13.1652, 12.8272, 13.0626, 13.1364, 13.0027, 12.9628, 12.9156, 12.8708],
        [12.8494, 12.8359, 12.9159, 13.0184, 13.0445, 13.0135, 13.0175, 12.9558,
         12.9710, 12.8348, 13.0780, 12.9559, 13.0796, 12.8303, 13.0197, 13.0412,
         12.9580, 13.0516, 13.0393, 12.9587, 13.1199, 12.9702, 13.0795, 13.0658,
         12.9125, 13.1110, 12.9291, 13.1327, 13.0800, 13.0968, 13.0323, 13.1612],
        [13.0243, 12.8745, 12.8344, 12.8797, 13.0650, 12.8975, 13.1761, 12.9974,
         12.8629, 13.1020, 12.9460, 13.1366, 13.0345, 12.8794, 13.0765, 12.8625,
         12.8915, 12.9355, 13.0440, 13.1093, 12.9966, 12.8391, 13.1370, 13.0509,
         13.0736, 12.8893, 12.8863, 13.0411, 13.1388, 12.9086, 12.8755, 13.0755],
        [12.8934, 12.8241, 12.8465, 12.8819, 12.9111, 13.0759, 12.8880, 12.8644,
         13.0188, 13.0982, 12.8860, 13.1599, 13.1322, 13.1127, 12.8969, 12.8800,
         13.0683, 13.0550, 13.1689, 12.8771, 12.9027, 12.9994, 13.1689, 13.1579,
         12.8448, 12.9013, 13.1635, 12.9459, 12.8769, 13.1249, 12.8425, 13.0015],
        [13.0844, 13.1269, 13.1371, 13.0504, 13.1709, 13.0032, 12.8376, 13.1447,
         12.8760, 12.8970, 12.9358, 12.8485, 13.0333, 12.8810, 12.8759, 12.8394,
         13.1066, 13.0085, 12.8589, 12.8519, 12.9817, 13.1355, 13.0152, 13.0001,
         13.1751, 12.9499, 13.1672, 13.0522, 12.8240, 13.1063, 12.9770, 13.1520],
        [13.1730, 12.9856, 12.9547, 12.9504, 12.9964, 13.1003, 12.9092, 13.0779,
         12.8939, 13.0802, 12.9187, 12.9166, 12.8550, 12.8913, 13.0066, 13.0811,
         13.0005, 12.9657, 12.9743, 12.9134, 12.9350, 12.9332, 13.0136, 12.8413,
         12.8334, 12.9633, 12.8777, 12.9430, 13.1415, 13.0206, 13.1427, 13.0852],
        [12.9817, 13.0900, 13.0237, 13.1312, 12.9704, 13.1375, 12.8468, 12.8324,
         12.8246, 13.0706, 12.9463, 13.1254, 12.9939, 12.9719, 13.0247, 13.0823,
         13.0227, 13.0383, 13.0570, 13.0781, 12.8910, 13.1483, 12.9480, 13.1462,
         12.8658, 12.8557, 12.9510, 13.1726, 12.9614, 13.0716, 12.9198, 13.1290],
        [13.0557, 13.0858, 13.0955, 13.0531, 12.8299, 13.1351, 13.1048, 13.0398,
         12.8965, 12.8683, 13.0236, 13.1496, 13.0371, 12.9215, 12.8548, 12.8727,
         12.9426, 12.8435, 12.8639, 13.0509, 12.8322, 12.9973, 12.9197, 12.8739,
         13.0865, 13.0738, 12.9587, 12.9131, 13.1764, 12.9174, 12.9212, 12.8895],
        [12.9672, 12.9119, 13.0356, 12.9902, 13.0208, 12.8757, 12.9346, 13.0825,
         12.8742, 12.9817, 13.1538, 12.8869, 13.0610, 12.9184, 13.0374, 13.0581,
         12.9304, 13.0684, 12.9754, 12.9615, 13.0560, 13.0626, 12.8955, 12.9387,
         13.0634, 13.1673, 13.1510, 12.9617, 13.0063, 12.8867, 12.9442, 13.0731],
        [12.8381, 13.0338, 13.1011, 13.0239, 13.1479, 12.9755, 13.1267, 12.8434,
         13.0956, 13.1454, 13.0708, 12.9453, 12.9476, 12.8931, 12.8953, 12.9930,
         12.8646, 13.1503, 13.1089, 13.0228, 13.0493, 12.9102, 12.9270, 13.1100,
         12.8308, 12.8304, 12.9817, 13.0293, 12.9394, 12.9477, 12.9139, 12.8802],
        [12.8503, 12.8254, 13.1235, 12.9704, 13.0488, 12.9335, 13.1496, 12.8885,
         12.9816, 13.1736, 12.8816, 12.9948, 13.1311, 12.9166, 12.9150, 12.9052,
         13.0499, 12.9621, 13.1381, 13.0406, 13.1207, 12.9736, 13.1294, 12.8884,
         12.8836, 12.9949, 13.0159, 12.8963, 12.9988, 12.9114, 13.1509, 12.9045],
        [13.0777, 12.8882, 13.0770, 12.9726, 12.9439, 12.9700, 12.9641, 12.9867,
         13.0537, 12.8486, 13.0163, 12.9201, 13.0277, 12.9066, 12.8845, 12.9197,
         13.1043, 12.9662, 12.8735, 12.9575, 12.9134, 12.8316, 12.8737, 13.1127,
         12.9208, 12.9051, 12.9667, 12.9278, 13.0440, 13.0237, 13.0438, 12.8655]])
model.4.bias: tensor([12.9789, 12.9470, 12.9204, 13.0136, 13.0245, 13.1025, 13.1753, 13.0915,
        12.9592, 12.9928, 12.8423, 12.8613, 12.9967, 13.0196, 13.1667, 12.8276])
model.6.weight: tensor([[13.0225, 13.0997, 12.8403, 12.7702, 13.1102, 13.0304, 12.9981, 13.0388,
         13.0694, 12.9190, 13.1878, 12.8096, 13.1034, 12.7584, 12.9534, 12.9645],
        [13.0382, 12.9227, 12.8954, 12.7892, 13.1306, 12.7601, 13.0158, 13.2168,
         13.0926, 13.1214, 13.2423, 12.9321, 13.0855, 12.7956, 12.8644, 12.9539],
        [13.1680, 13.0218, 12.8957, 12.9690, 13.0635, 12.7698, 12.8240, 13.0611,
         13.2412, 12.7624, 12.7644, 12.8001, 12.7501, 13.2001, 13.1617, 12.7839],
        [12.8996, 12.8068, 13.1269, 12.9040, 12.9244, 12.9459, 12.7743, 12.7962,
         13.0817, 13.1186, 13.0547, 13.2213, 12.9727, 13.1971, 13.0058, 12.9572],
        [13.0148, 12.9364, 13.0784, 13.0645, 13.1549, 12.8720, 13.0644, 13.2319,
         12.8939, 13.0888, 13.0383, 13.0569, 13.0466, 13.0022, 12.7606, 12.7993]])
model.6.bias: tensor([12.8140, 12.7937, 13.0769, 13.0070, 12.7979])
Client Model Params before encryption: 0

model.0.weight: tensor([[ 0.0101,  0.0550,  0.0070, -0.1095,  0.0843,  0.1013, -0.1561,  0.1807,
         -0.1579, -0.0660,  0.1334,  0.1577, -0.2023,  0.1647,  0.0111,  0.1348,
         -0.0577,  0.0806,  0.1830,  0.1929,  0.0650,  0.1130, -0.0428,  0.0901],
        [ 0.0943,  0.1032,  0.1084,  0.1218, -0.0040,  0.0988, -0.0520,  0.0423,
          0.0210, -0.1228, -0.1079,  0.0318,  0.0596, -0.1276, -0.1667,  0.1783,
          0.1837,  0.1020, -0.1098, -0.1289, -0.0735,  0.1800, -0.1335, -0.0596],
        [ 0.0200,  0.1900, -0.1531, -0.1364,  0.1937, -0.0590,  0.1555,  0.0130,
         -0.0570,  0.1218,  0.1453, -0.0205,  0.0806,  0.1314, -0.0063, -0.0324,
         -0.1034,  0.0027,  0.0078,  0.0821,  0.1929, -0.1634,  0.1472, -0.1483],
        [-0.1176, -0.1839, -0.0722, -0.1909, -0.2005, -0.1762,  0.1546, -0.0166,
         -0.0643,  0.1027, -0.1402, -0.0829, -0.1060,  0.0638,  0.1001, -0.0415,
          0.0803, -0.1934,  0.0797, -0.1579, -0.0198,  0.1645,  0.1290,  0.1751],
        [-0.0092, -0.0417,  0.0105, -0.1237,  0.0463,  0.1029,  0.1525,  0.0383,
         -0.1641, -0.0764,  0.1231,  0.1979, -0.1374, -0.1378,  0.1773,  0.1405,
          0.1373, -0.1572,  0.0034, -0.1458, -0.1986, -0.1394, -0.1393,  0.1228],
        [ 0.1306, -0.0484, -0.0984,  0.1557, -0.0809,  0.1318,  0.0865,  0.1989,
         -0.0755, -0.1584,  0.0115, -0.1292,  0.0907, -0.1908,  0.1981, -0.0740,
          0.1013,  0.1491,  0.2016, -0.0809, -0.1817, -0.0899, -0.1831, -0.0048],
        [ 0.0135,  0.1288, -0.0005,  0.1965, -0.1453,  0.0471, -0.0146, -0.0418,
          0.0075, -0.1365,  0.1680,  0.0825, -0.0217, -0.0468,  0.1110, -0.1206,
         -0.1692,  0.1212, -0.0322,  0.1595, -0.1861,  0.0334, -0.0314, -0.1370],
        [ 0.1211, -0.0465, -0.0269,  0.1784, -0.1276,  0.0047, -0.0411, -0.2015,
         -0.0962,  0.1897, -0.0759, -0.1576,  0.0179, -0.1104, -0.1809,  0.1576,
          0.1590,  0.0164,  0.0786,  0.1535, -0.1987, -0.1788, -0.0693, -0.1668],
        [ 0.0886, -0.1743,  0.0776, -0.1767, -0.0554,  0.0696,  0.0133,  0.0376,
          0.0593, -0.1166, -0.1978, -0.1018,  0.0226, -0.1073,  0.0692,  0.1887,
          0.0254,  0.0537,  0.1760, -0.0771, -0.1512, -0.1857,  0.0829,  0.1667],
        [ 0.1714, -0.1728,  0.0820,  0.1183, -0.1688, -0.0821, -0.0655, -0.0353,
          0.0321,  0.0476, -0.1371,  0.0490, -0.0754, -0.1001,  0.1471, -0.0749,
         -0.1165,  0.1083,  0.0902,  0.0808, -0.0545, -0.0989,  0.2029,  0.0921],
        [-0.1500,  0.1259, -0.1022, -0.1188,  0.0653, -0.1926, -0.0065,  0.2031,
          0.1120,  0.1913, -0.0988,  0.1878,  0.1949, -0.0613,  0.0802,  0.1868,
          0.0634,  0.0999, -0.1106,  0.0396, -0.1176,  0.1795, -0.1454, -0.1510],
        [ 0.1739,  0.1625, -0.0912,  0.1383, -0.0271, -0.0910,  0.0436, -0.0993,
          0.0856,  0.0731, -0.0408, -0.1905,  0.1449,  0.1749, -0.1795, -0.1429,
          0.0607,  0.1255,  0.0147,  0.0458, -0.1038, -0.1205,  0.1671, -0.1721],
        [ 0.1550,  0.1923,  0.1722, -0.1924,  0.1156,  0.1896, -0.1095,  0.0488,
         -0.1325,  0.1805, -0.1527, -0.1805, -0.1879, -0.1261,  0.1507, -0.1425,
          0.1203, -0.1359,  0.0681, -0.0315,  0.0379, -0.0925, -0.1756, -0.1868],
        [ 0.1199, -0.0337, -0.0240,  0.0074,  0.1136, -0.0695,  0.1282,  0.1297,
          0.1733,  0.1443, -0.0236,  0.0688, -0.1957,  0.0289,  0.1326, -0.1397,
         -0.0791, -0.1069,  0.1548,  0.0603,  0.0072,  0.0124, -0.1570,  0.1070],
        [-0.0750,  0.0062, -0.0910,  0.1107, -0.1765, -0.0728,  0.1109,  0.1700,
          0.1658,  0.1066, -0.2041,  0.0116,  0.0312, -0.0569,  0.1115, -0.1336,
          0.0686,  0.1880, -0.0078,  0.0983,  0.1216, -0.0546,  0.1886, -0.0396],
        [ 0.1246,  0.0666,  0.1610, -0.1505, -0.0556,  0.0399, -0.0850, -0.0376,
         -0.1781,  0.0030, -0.0440, -0.1112, -0.0096,  0.0674, -0.0536,  0.0496,
         -0.0031, -0.1066,  0.0103, -0.0356,  0.0274,  0.1522, -0.0519,  0.0215]])
model.0.bias: tensor([ 0.1106, -0.0629, -0.1110,  0.0568, -0.0157, -0.1275, -0.1066,  0.0130,
        -0.0942, -0.0285,  0.1165,  0.1248,  0.0815, -0.1203,  0.1472, -0.1489])
model.2.weight: tensor([[ 1.7809e-01,  1.8482e-01,  7.4102e-02, -2.4015e-01, -1.4988e-01,
          4.7974e-02,  1.2042e-01,  2.0383e-01, -7.3745e-02, -2.1494e-01,
          1.8731e-01, -1.3531e-01,  1.4285e-03,  9.6043e-02, -2.2461e-01,
         -4.8046e-02],
        [ 2.2559e-02,  1.5348e-03,  2.4791e-01,  4.2791e-02,  2.3534e-01,
         -1.5627e-02,  2.1098e-01, -1.2531e-01,  2.8715e-02,  1.2147e-01,
          3.2740e-02,  1.0806e-01,  2.4373e-01,  1.7201e-01, -1.7367e-03,
          2.2635e-02],
        [-1.9058e-01, -1.7176e-01,  2.0258e-01,  1.8311e-02,  1.4081e-01,
          2.8464e-02,  1.8098e-01, -5.7586e-02,  2.3947e-01, -4.5643e-02,
         -2.4043e-01,  1.6973e-01,  1.4670e-01, -7.2114e-02, -2.3628e-01,
         -9.7994e-03],
        [ 2.4446e-01,  1.4329e-01, -2.0497e-01,  2.4395e-01,  9.6080e-02,
         -1.2828e-01,  2.1180e-01,  6.0844e-02, -1.0954e-01,  1.7616e-01,
          2.2247e-01, -6.8893e-02,  1.7489e-01, -9.8543e-02,  9.5150e-02,
         -2.1371e-02],
        [ 2.3389e-01,  1.5000e-01,  2.1309e-01, -3.7218e-02, -1.3351e-01,
         -9.6644e-02, -1.3900e-01,  1.8357e-01,  1.2234e-01, -1.7486e-01,
         -1.3658e-01, -3.1331e-02,  8.8080e-02, -6.6905e-02, -1.8141e-01,
         -8.3116e-02],
        [ 1.6227e-01,  1.8873e-01,  1.1124e-01, -1.9186e-01,  5.3733e-02,
         -6.3087e-02, -1.3391e-01,  6.7312e-02,  3.5488e-02, -1.4965e-01,
         -5.2257e-02,  1.7095e-01, -6.5208e-02, -9.9296e-03,  1.1611e-01,
         -7.4943e-03],
        [-1.6773e-01,  2.3324e-01,  1.6854e-01, -2.2553e-03, -6.7982e-02,
          1.0430e-01, -2.2726e-01,  1.7993e-01, -1.3386e-01, -2.4331e-01,
         -4.1960e-02,  1.0528e-01, -2.1564e-01, -1.6805e-01, -1.7999e-01,
         -9.1341e-04],
        [-4.3889e-02, -2.3867e-01, -4.1934e-03, -4.4194e-03,  2.3234e-01,
         -1.4213e-01,  1.3473e-01,  2.1590e-01,  1.1506e-01, -9.9380e-02,
         -2.0439e-01, -2.6118e-02,  1.4696e-01, -1.0045e-01,  1.3946e-01,
         -2.0296e-01],
        [ 9.2217e-02, -5.2340e-02, -1.7307e-02, -3.7737e-02,  3.3439e-02,
          2.0706e-01, -1.0563e-01, -4.6243e-02,  2.4010e-01, -1.5764e-01,
          2.8351e-02,  1.7668e-01, -1.4642e-01,  2.2656e-04,  2.0493e-01,
         -1.7550e-01],
        [-4.0204e-02,  1.1423e-02,  1.7939e-02, -3.4283e-03, -1.5239e-01,
          4.2285e-02,  1.2060e-01, -7.0778e-02, -2.3141e-01, -1.4954e-01,
         -1.2851e-01,  1.8938e-01, -1.9908e-01, -2.3660e-01, -2.4106e-01,
         -9.5110e-02],
        [ 7.7814e-02, -1.3921e-01,  1.5122e-01,  2.1206e-01,  1.7975e-01,
         -1.9190e-01, -1.6776e-01,  1.5595e-01, -1.1295e-01,  1.6188e-01,
         -1.6637e-01, -2.2464e-01,  1.2322e-01,  1.3880e-01, -1.4425e-01,
          4.8268e-02],
        [ 1.2511e-01,  2.1910e-01, -1.8257e-01, -1.9970e-01, -7.0861e-02,
         -1.8883e-01, -1.3981e-01, -1.9668e-02,  7.5525e-02,  2.4767e-01,
         -1.2945e-01, -9.1645e-02, -1.3156e-01, -1.8459e-01,  1.0161e-01,
         -1.1196e-01],
        [-3.8696e-02,  1.6115e-01,  2.0590e-01, -2.2338e-01, -4.6149e-03,
         -1.1291e-01, -1.8842e-01, -5.4621e-02, -1.9674e-01,  2.8282e-02,
          4.2241e-02,  2.9634e-02, -1.0644e-01, -2.1816e-01,  2.4162e-02,
          2.0261e-01],
        [-1.2706e-01,  2.0228e-01,  1.7149e-01,  2.3945e-01, -1.3170e-01,
         -1.2800e-01,  3.4300e-02,  2.9833e-02,  4.0786e-02,  2.4878e-01,
         -1.8236e-01, -6.5071e-02,  9.3199e-02,  2.3614e-01,  2.9141e-02,
          6.8211e-02],
        [ 6.2584e-02, -1.0024e-01,  1.0722e-01, -8.0997e-02, -2.4924e-01,
          1.0793e-01,  1.7329e-01,  2.0572e-01, -1.8931e-01, -2.3975e-01,
         -1.9541e-01, -2.2178e-01,  1.9120e-02,  1.1747e-01, -1.6885e-01,
         -2.8109e-02],
        [ 2.3330e-01, -6.4959e-02,  2.3808e-02, -2.2079e-01,  1.1314e-01,
         -1.6105e-01,  5.9219e-02, -1.1251e-01, -2.0495e-01, -7.2712e-02,
          9.0976e-02, -1.2600e-01, -1.3629e-01, -6.2335e-02,  5.2079e-03,
          1.4887e-01],
        [ 2.7973e-02, -1.4332e-01,  2.7097e-03,  2.0581e-01,  1.7287e-01,
         -2.0855e-01,  1.5680e-01,  8.9509e-02,  2.3868e-01, -1.4225e-01,
          7.6597e-02,  7.7652e-02,  1.3508e-01, -1.8226e-01,  1.2186e-01,
         -6.7041e-02],
        [-2.1682e-01,  1.5064e-01, -7.1039e-02, -8.5997e-02,  1.2176e-01,
          1.2414e-01, -7.4544e-02,  2.2133e-01, -4.8544e-02,  1.4688e-02,
         -1.5399e-01, -1.8983e-01,  2.3048e-01,  1.6654e-01,  1.3908e-01,
         -2.2565e-02],
        [-1.5247e-01, -1.1218e-01,  1.0528e-01,  1.0273e-01,  1.0299e-01,
          9.2375e-02,  1.3173e-01,  1.2031e-01, -1.7365e-01,  9.9580e-02,
          2.1883e-01, -1.4954e-01, -1.2339e-01,  1.9673e-01, -1.8702e-01,
          9.9365e-02],
        [ 1.5344e-01, -2.1767e-01, -1.1641e-01, -3.4608e-02,  1.1560e-01,
         -5.3311e-02,  1.6614e-01,  1.0665e-01,  2.3062e-03, -8.8414e-02,
         -2.4642e-01, -2.7401e-03,  2.3888e-01, -2.0430e-01,  1.4329e-01,
          1.5643e-01],
        [ 1.2324e-01, -2.0282e-01,  2.1557e-01,  1.7396e-01,  1.5674e-01,
          7.4607e-02, -9.6960e-02, -5.4703e-02, -1.1222e-02, -3.7280e-02,
          6.4565e-02,  1.1799e-01,  8.2430e-02,  7.8626e-02, -3.8041e-02,
          1.8444e-01],
        [-1.7737e-01, -3.4074e-03, -1.0529e-01,  2.0911e-01,  1.9470e-01,
          1.4393e-01,  1.8761e-02,  6.2756e-02, -1.9324e-01, -2.2032e-01,
          5.9908e-02,  6.6654e-02,  8.2411e-02,  5.7819e-02, -2.1160e-01,
          9.7782e-02],
        [ 1.6436e-02,  1.8672e-01, -2.4798e-01, -1.6255e-02,  1.8196e-01,
          4.8556e-02,  3.5745e-03,  9.1121e-02, -1.8217e-01, -8.0680e-02,
          1.6727e-01, -8.9005e-02,  1.5364e-01, -6.4069e-02, -1.2879e-01,
          4.8416e-02],
        [ 3.0228e-02,  2.3446e-01, -6.4167e-02, -2.1726e-01,  2.2458e-01,
         -2.2924e-01, -1.8001e-02, -1.3786e-01,  2.4818e-01,  9.3613e-02,
         -2.1923e-01, -1.9215e-01,  1.7775e-01,  1.0168e-01,  2.2464e-01,
          1.0897e-01],
        [-8.2658e-02,  1.0127e-01,  1.0973e-01, -2.1254e-01,  2.4095e-01,
          9.3108e-02,  1.7788e-01, -1.3630e-01, -6.9821e-02, -1.5792e-01,
         -2.1293e-01,  1.9180e-01,  7.2414e-02, -1.9776e-01, -1.9156e-01,
         -3.9948e-02],
        [ 3.3342e-02, -2.1884e-01, -5.5511e-02, -5.6399e-02, -3.5575e-02,
         -7.2355e-02,  2.3647e-01,  1.6717e-01, -1.8823e-01, -1.9189e-02,
         -1.6529e-02,  1.2357e-01,  2.4555e-01, -4.3159e-03,  1.1404e-01,
         -1.4904e-01],
        [-2.4137e-01,  2.3070e-01, -3.3136e-02, -1.3929e-01, -2.0310e-01,
         -1.3574e-01, -1.9785e-01,  2.2883e-01,  1.0833e-01, -1.0761e-01,
          2.0754e-01,  6.3232e-03, -1.4853e-01, -1.1399e-01,  3.7067e-02,
          1.5109e-01],
        [ 6.3621e-02,  1.5574e-01,  1.6404e-01, -1.4094e-01,  1.4195e-01,
          1.3335e-01,  4.4145e-02, -9.4214e-02, -2.3851e-01,  1.6394e-01,
         -3.6885e-02,  1.8204e-01,  8.6415e-03, -8.5607e-02,  4.0550e-03,
         -2.2342e-01],
        [ 4.6834e-02,  1.0075e-01, -1.3817e-01, -1.1882e-01, -2.8821e-03,
         -7.1095e-03,  1.0236e-01,  6.6320e-02, -2.3070e-01,  6.6386e-02,
         -5.7636e-02, -1.9103e-01, -1.8344e-01, -1.1660e-02, -7.0474e-02,
          5.7805e-02],
        [ 7.8866e-02, -4.3211e-02,  2.3378e-02, -1.4991e-01, -1.0334e-01,
          1.9627e-01, -1.1845e-01,  5.0248e-02,  2.1999e-01, -1.5545e-01,
         -1.1729e-01,  2.3606e-01, -1.8115e-01,  1.8319e-01, -1.9659e-01,
         -1.6789e-02],
        [-1.0917e-01, -4.2643e-02, -6.0976e-02,  2.4629e-01, -2.3626e-01,
          1.9015e-02, -1.5349e-01, -6.7096e-02,  1.6768e-01, -2.2387e-01,
         -2.2989e-01, -5.7115e-02,  1.4234e-01, -1.6556e-01, -1.1702e-01,
         -1.4085e-01],
        [ 2.3324e-01,  1.5087e-01,  1.9302e-01, -1.2225e-01,  1.3836e-01,
         -1.2979e-01, -1.9314e-02, -1.6458e-01, -1.4755e-01, -6.8740e-03,
         -3.9337e-02,  8.5915e-02,  9.7598e-03,  1.6289e-01,  5.9233e-02,
          2.2914e-01]])
model.2.bias: tensor([ 0.0527,  0.1017, -0.1504, -0.0490, -0.1043,  0.2239, -0.1004, -0.2159,
        -0.1798,  0.0585,  0.0760,  0.0416,  0.1563,  0.0764, -0.0014,  0.0020,
        -0.0160,  0.1149, -0.1761, -0.0722,  0.0156, -0.0547, -0.1907, -0.0829,
        -0.2238,  0.1059,  0.1028,  0.0871,  0.0155,  0.0189,  0.1307, -0.0563])
model.4.weight: tensor([[-0.1404,  0.1268, -0.1127,  0.0404,  0.0366, -0.0550,  0.1565,  0.1436,
         -0.0870, -0.1002,  0.1669,  0.1036, -0.1639,  0.1008, -0.0858,  0.1253,
         -0.0025,  0.1376, -0.1595,  0.0692,  0.1013,  0.1736,  0.0270, -0.0185,
         -0.1182,  0.0282,  0.0451,  0.1396, -0.1351, -0.1686,  0.0746,  0.0962],
        [-0.1488, -0.0633, -0.0311,  0.0544,  0.0211,  0.1414,  0.1404, -0.0804,
         -0.0854,  0.0271,  0.0740,  0.1155,  0.0861,  0.1145,  0.0630, -0.1682,
          0.0746, -0.0367,  0.1424, -0.0462,  0.0527, -0.1541,  0.0302, -0.0273,
         -0.0693,  0.1312,  0.1488,  0.0393,  0.0304, -0.1586, -0.0395,  0.0378],
        [-0.0209,  0.1035,  0.0668, -0.1014,  0.1528,  0.1398, -0.1459,  0.0894,
         -0.1545,  0.1571,  0.1286, -0.0394,  0.1336, -0.0235, -0.0436,  0.0728,
          0.1642,  0.0979, -0.0808,  0.0689, -0.1210, -0.0041, -0.0880, -0.0368,
          0.0679,  0.1093,  0.1407,  0.1144, -0.1533, -0.0871,  0.0866,  0.1659],
        [ 0.1763,  0.1182, -0.0543,  0.0767,  0.0468,  0.0374,  0.1632,  0.1116,
          0.0917, -0.0349, -0.1735,  0.0747,  0.1130, -0.0553,  0.0958,  0.1561,
          0.1485,  0.1161, -0.1597,  0.1456,  0.0846, -0.0395, -0.1679,  0.0521,
         -0.0971, -0.0110,  0.0716,  0.1348,  0.1230, -0.0157,  0.1149, -0.1659],
        [-0.0929, -0.0307, -0.0871, -0.1456, -0.0637, -0.0975, -0.1454,  0.1123,
          0.1386, -0.0149,  0.0826, -0.0642,  0.0944,  0.1572, -0.0032,  0.1631,
         -0.1440, -0.1741, -0.1748,  0.0410,  0.1175,  0.1558, -0.1466,  0.0390,
          0.0427, -0.1706,  0.1517, -0.0052, -0.1566, -0.1423,  0.1239, -0.1376],
        [-0.0655, -0.1567, -0.1283,  0.0635, -0.1005, -0.0715, -0.1286,  0.0140,
          0.0039, -0.1590,  0.0543, -0.0469, -0.0235,  0.1029, -0.1009,  0.0432,
         -0.0275,  0.0843, -0.0981, -0.0798,  0.0646,  0.0734,  0.0413,  0.0372,
          0.0842,  0.0839,  0.1688,  0.1344, -0.0950, -0.1279, -0.1651, -0.1071],
        [ 0.1082,  0.1423,  0.0132, -0.1190, -0.1158,  0.1767,  0.0701, -0.0651,
          0.0696, -0.0489, -0.1282,  0.1129,  0.0516,  0.1436, -0.1191, -0.1714,
         -0.0571,  0.1492,  0.0732,  0.1679,  0.0291, -0.1273, -0.1545, -0.0691,
          0.0181, -0.0255,  0.1303,  0.0774,  0.0802,  0.0701, -0.1135,  0.0495],
        [-0.0952,  0.1708,  0.0559,  0.0456, -0.0840, -0.1325,  0.0875,  0.0060,
          0.0657, -0.1314, -0.0675, -0.1146,  0.1454,  0.1638, -0.0416,  0.0942,
         -0.0861,  0.1619, -0.0788,  0.1476, -0.1561, -0.1542, -0.0241, -0.0790,
          0.0516,  0.1290, -0.0904, -0.1520,  0.0318,  0.0144, -0.1083, -0.1361],
        [-0.1113, -0.0924,  0.0226, -0.0287, -0.0265,  0.0390,  0.1684,  0.1121,
          0.1163, -0.1708, -0.0056, -0.0558, -0.0195,  0.0988, -0.0645,  0.1276,
          0.1531, -0.0900, -0.1364, -0.0208,  0.1573,  0.0194, -0.1678, -0.0416,
          0.1174, -0.1322,  0.1248, -0.1756,  0.0397, -0.0141,  0.1161,  0.0576],
        [ 0.0164,  0.1733,  0.0343,  0.0925, -0.1224,  0.1646,  0.0645,  0.1294,
         -0.1064, -0.0214, -0.0612,  0.0623, -0.1376,  0.0778, -0.1613,  0.1282,
          0.0356, -0.1229, -0.0142,  0.0218,  0.0167,  0.1754, -0.0199, -0.1165,
          0.1070, -0.0293, -0.1217,  0.0198,  0.0045,  0.0143, -0.1405,  0.0330],
        [-0.1363,  0.0301, -0.0841,  0.1704,  0.1638, -0.1461, -0.0562,  0.0392,
          0.1615, -0.1166,  0.0447, -0.1729, -0.1673, -0.1508,  0.0111, -0.0793,
          0.1443, -0.0520, -0.0058, -0.0876, -0.1102, -0.1037,  0.0265, -0.1246,
          0.0624, -0.0509, -0.0251,  0.0062, -0.1288, -0.0080, -0.1601,  0.1377],
        [-0.1133,  0.1741, -0.0264, -0.0184,  0.1721,  0.0815, -0.1012, -0.0401,
          0.0190,  0.0780, -0.0235,  0.0211, -0.0016,  0.1364,  0.0910,  0.1393,
         -0.0969, -0.1057, -0.0716, -0.1380,  0.1199,  0.0669,  0.0814,  0.1009,
          0.0687,  0.0264, -0.0173,  0.1274,  0.1234, -0.0270,  0.0982,  0.0299],
        [-0.0524, -0.1012,  0.0963, -0.0221,  0.0652,  0.0152,  0.1751,  0.0346,
         -0.1014, -0.1652,  0.0060,  0.0318,  0.0162, -0.0565,  0.0209,  0.0785,
          0.1746, -0.0494, -0.1619, -0.0607, -0.0841,  0.1103,  0.1525,  0.1058,
          0.1108,  0.0674, -0.1389,  0.1061, -0.0621,  0.0653, -0.0998,  0.1550],
        [ 0.0422,  0.0140, -0.0979, -0.1334,  0.0961,  0.1571,  0.0036,  0.1760,
         -0.1329, -0.1464, -0.0820, -0.1247, -0.1464, -0.0655, -0.0797, -0.1646,
         -0.0546, -0.1108,  0.1067, -0.0225, -0.1303,  0.1500,  0.1138,  0.1250,
         -0.1199,  0.1302, -0.0797, -0.1359,  0.0625,  0.0112, -0.0753,  0.1232],
        [ 0.1229,  0.1634,  0.0772,  0.0543,  0.1616, -0.0579,  0.1054,  0.1217,
          0.1054, -0.1172,  0.0998,  0.0992,  0.1212, -0.0641, -0.0292,  0.1410,
         -0.0789, -0.0666,  0.0293,  0.0867,  0.0743,  0.0172, -0.1486, -0.1085,
          0.1760, -0.1527,  0.0352,  0.0293,  0.1548, -0.0372,  0.0679,  0.1028],
        [ 0.0305,  0.0382,  0.0320,  0.0249, -0.0267, -0.1164, -0.0381,  0.1272,
         -0.1620, -0.1037,  0.0132, -0.1498, -0.0015, -0.0603,  0.0476,  0.0821,
          0.0619,  0.0755, -0.1562, -0.0282,  0.1450, -0.0019,  0.1418, -0.1123,
         -0.1681, -0.1055, -0.1310,  0.1510,  0.1201,  0.0835,  0.1209,  0.0271]])
model.4.bias: tensor([ 0.0754,  0.0495,  0.0732,  0.1112, -0.0881,  0.0068, -0.1638,  0.1186,
        -0.1595, -0.0906, -0.1554, -0.1648, -0.1049,  0.0102, -0.0440,  0.0979])
model.6.weight: tensor([[ 0.2443, -0.0299,  0.1415, -0.2285, -0.0947, -0.0150,  0.1726,  0.2164,
         -0.1281,  0.2153, -0.1577, -0.0175,  0.2037,  0.0274,  0.1794, -0.1841],
        [ 0.1524,  0.1397, -0.0213, -0.0178,  0.0325,  0.2363, -0.1630,  0.2174,
          0.1383, -0.0627,  0.1155,  0.1314,  0.2389, -0.1910, -0.2453, -0.1857],
        [ 0.2080, -0.1933,  0.1042, -0.0774, -0.2180, -0.0796, -0.1293,  0.0390,
         -0.0332, -0.0355, -0.0367,  0.2466, -0.1012,  0.0218, -0.0486, -0.0590],
        [-0.1880, -0.0583,  0.0192, -0.1454, -0.0582,  0.1951,  0.1177, -0.1153,
          0.0515, -0.2186,  0.0015, -0.0955,  0.2110,  0.1572,  0.1702, -0.0273],
        [-0.0740,  0.0297, -0.1684, -0.1299,  0.1058,  0.2161,  0.1740,  0.1384,
         -0.1088, -0.2500,  0.2257, -0.1654, -0.2303, -0.0505, -0.0415, -0.0665]])
model.6.bias: tensor([ 0.0003,  0.2492,  0.2470, -0.0331, -0.2404])
Client Model Params after encryption: 0

model.0.weight: tensor([[ 0.0101,  0.0550,  0.0070, -0.1095,  0.0843,  0.1013, -0.1561,  0.1807,
         -0.1579, -0.0660,  0.1334,  0.1577, -0.2023,  0.1647,  0.0111,  0.1348,
         -0.0577,  0.0806,  0.1830,  0.1929,  0.0650,  0.1130, -0.0428,  0.0901],
        [ 0.0943,  0.1032,  0.1084,  0.1218, -0.0040,  0.0988, -0.0520,  0.0423,
          0.0210, -0.1228, -0.1079,  0.0318,  0.0596, -0.1276, -0.1667,  0.1783,
          0.1837,  0.1020, -0.1098, -0.1289, -0.0735,  0.1800, -0.1335, -0.0596],
        [ 0.0200,  0.1900, -0.1531, -0.1364,  0.1937, -0.0590,  0.1555,  0.0130,
         -0.0570,  0.1218,  0.1453, -0.0205,  0.0806,  0.1314, -0.0063, -0.0324,
         -0.1034,  0.0027,  0.0078,  0.0821,  0.1929, -0.1634,  0.1472, -0.1483],
        [-0.1176, -0.1839, -0.0722, -0.1909, -0.2005, -0.1762,  0.1546, -0.0166,
         -0.0643,  0.1027, -0.1402, -0.0829, -0.1060,  0.0638,  0.1001, -0.0415,
          0.0803, -0.1934,  0.0797, -0.1579, -0.0198,  0.1645,  0.1290,  0.1751],
        [-0.0092, -0.0417,  0.0105, -0.1237,  0.0463,  0.1029,  0.1525,  0.0383,
         -0.1641, -0.0764,  0.1231,  0.1979, -0.1374, -0.1378,  0.1773,  0.1405,
          0.1373, -0.1572,  0.0034, -0.1458, -0.1986, -0.1394, -0.1393,  0.1228],
        [ 0.1306, -0.0484, -0.0984,  0.1557, -0.0809,  0.1318,  0.0865,  0.1989,
         -0.0755, -0.1584,  0.0115, -0.1292,  0.0907, -0.1908,  0.1981, -0.0740,
          0.1013,  0.1491,  0.2016, -0.0809, -0.1817, -0.0899, -0.1831, -0.0048],
        [ 0.0135,  0.1288, -0.0005,  0.1965, -0.1453,  0.0471, -0.0146, -0.0418,
          0.0075, -0.1365,  0.1680,  0.0825, -0.0217, -0.0468,  0.1110, -0.1206,
         -0.1692,  0.1212, -0.0322,  0.1595, -0.1861,  0.0334, -0.0314, -0.1370],
        [ 0.1211, -0.0465, -0.0269,  0.1784, -0.1276,  0.0047, -0.0411, -0.2015,
         -0.0962,  0.1897, -0.0759, -0.1576,  0.0179, -0.1104, -0.1809,  0.1576,
          0.1590,  0.0164,  0.0786,  0.1535, -0.1987, -0.1788, -0.0693, -0.1668],
        [ 0.0886, -0.1743,  0.0776, -0.1767, -0.0554,  0.0696,  0.0133,  0.0376,
          0.0593, -0.1166, -0.1978, -0.1018,  0.0226, -0.1073,  0.0692,  0.1887,
          0.0254,  0.0537,  0.1760, -0.0771, -0.1512, -0.1857,  0.0829,  0.1667],
        [ 0.1714, -0.1728,  0.0820,  0.1183, -0.1688, -0.0821, -0.0655, -0.0353,
          0.0321,  0.0476, -0.1371,  0.0490, -0.0754, -0.1001,  0.1471, -0.0749,
         -0.1165,  0.1083,  0.0902,  0.0808, -0.0545, -0.0989,  0.2029,  0.0921],
        [-0.1500,  0.1259, -0.1022, -0.1188,  0.0653, -0.1926, -0.0065,  0.2031,
          0.1120,  0.1913, -0.0988,  0.1878,  0.1949, -0.0613,  0.0802,  0.1868,
          0.0634,  0.0999, -0.1106,  0.0396, -0.1176,  0.1795, -0.1454, -0.1510],
        [ 0.1739,  0.1625, -0.0912,  0.1383, -0.0271, -0.0910,  0.0436, -0.0993,
          0.0856,  0.0731, -0.0408, -0.1905,  0.1449,  0.1749, -0.1795, -0.1429,
          0.0607,  0.1255,  0.0147,  0.0458, -0.1038, -0.1205,  0.1671, -0.1721],
        [ 0.1550,  0.1923,  0.1722, -0.1924,  0.1156,  0.1896, -0.1095,  0.0488,
         -0.1325,  0.1805, -0.1527, -0.1805, -0.1879, -0.1261,  0.1507, -0.1425,
          0.1203, -0.1359,  0.0681, -0.0315,  0.0379, -0.0925, -0.1756, -0.1868],
        [ 0.1199, -0.0337, -0.0240,  0.0074,  0.1136, -0.0695,  0.1282,  0.1297,
          0.1733,  0.1443, -0.0236,  0.0688, -0.1957,  0.0289,  0.1326, -0.1397,
         -0.0791, -0.1069,  0.1548,  0.0603,  0.0072,  0.0124, -0.1570,  0.1070],
        [-0.0750,  0.0062, -0.0910,  0.1107, -0.1765, -0.0728,  0.1109,  0.1700,
          0.1658,  0.1066, -0.2041,  0.0116,  0.0312, -0.0569,  0.1115, -0.1336,
          0.0686,  0.1880, -0.0078,  0.0983,  0.1216, -0.0546,  0.1886, -0.0396],
        [ 0.1246,  0.0666,  0.1610, -0.1505, -0.0556,  0.0399, -0.0850, -0.0376,
         -0.1781,  0.0030, -0.0440, -0.1112, -0.0096,  0.0674, -0.0536,  0.0496,
         -0.0031, -0.1066,  0.0103, -0.0356,  0.0274,  0.1522, -0.0519,  0.0215]])
model.0.bias: tensor([ 0.1106, -0.0629, -0.1110,  0.0568, -0.0157, -0.1275, -0.1066,  0.0130,
        -0.0942, -0.0285,  0.1165,  0.1248,  0.0815, -0.1203,  0.1472, -0.1489])
model.2.weight: tensor([[ 1.7809e-01,  1.8482e-01,  7.4102e-02, -2.4015e-01, -1.4988e-01,
          4.7974e-02,  1.2042e-01,  2.0383e-01, -7.3745e-02, -2.1494e-01,
          1.8731e-01, -1.3531e-01,  1.4285e-03,  9.6043e-02, -2.2461e-01,
         -4.8046e-02],
        [ 2.2559e-02,  1.5348e-03,  2.4791e-01,  4.2791e-02,  2.3534e-01,
         -1.5627e-02,  2.1098e-01, -1.2531e-01,  2.8715e-02,  1.2147e-01,
          3.2740e-02,  1.0806e-01,  2.4373e-01,  1.7201e-01, -1.7367e-03,
          2.2635e-02],
        [-1.9058e-01, -1.7176e-01,  2.0258e-01,  1.8311e-02,  1.4081e-01,
          2.8464e-02,  1.8098e-01, -5.7586e-02,  2.3947e-01, -4.5643e-02,
         -2.4043e-01,  1.6973e-01,  1.4670e-01, -7.2114e-02, -2.3628e-01,
         -9.7994e-03],
        [ 2.4446e-01,  1.4329e-01, -2.0497e-01,  2.4395e-01,  9.6080e-02,
         -1.2828e-01,  2.1180e-01,  6.0844e-02, -1.0954e-01,  1.7616e-01,
          2.2247e-01, -6.8893e-02,  1.7489e-01, -9.8543e-02,  9.5150e-02,
         -2.1371e-02],
        [ 2.3389e-01,  1.5000e-01,  2.1309e-01, -3.7218e-02, -1.3351e-01,
         -9.6644e-02, -1.3900e-01,  1.8357e-01,  1.2234e-01, -1.7486e-01,
         -1.3658e-01, -3.1331e-02,  8.8080e-02, -6.6905e-02, -1.8141e-01,
         -8.3116e-02],
        [ 1.6227e-01,  1.8873e-01,  1.1124e-01, -1.9186e-01,  5.3733e-02,
         -6.3087e-02, -1.3391e-01,  6.7312e-02,  3.5488e-02, -1.4965e-01,
         -5.2257e-02,  1.7095e-01, -6.5208e-02, -9.9296e-03,  1.1611e-01,
         -7.4943e-03],
        [-1.6773e-01,  2.3324e-01,  1.6854e-01, -2.2553e-03, -6.7982e-02,
          1.0430e-01, -2.2726e-01,  1.7993e-01, -1.3386e-01, -2.4331e-01,
         -4.1960e-02,  1.0528e-01, -2.1564e-01, -1.6805e-01, -1.7999e-01,
         -9.1341e-04],
        [-4.3889e-02, -2.3867e-01, -4.1934e-03, -4.4194e-03,  2.3234e-01,
         -1.4213e-01,  1.3473e-01,  2.1590e-01,  1.1506e-01, -9.9380e-02,
         -2.0439e-01, -2.6118e-02,  1.4696e-01, -1.0045e-01,  1.3946e-01,
         -2.0296e-01],
        [ 9.2217e-02, -5.2340e-02, -1.7307e-02, -3.7737e-02,  3.3439e-02,
          2.0706e-01, -1.0563e-01, -4.6243e-02,  2.4010e-01, -1.5764e-01,
          2.8351e-02,  1.7668e-01, -1.4642e-01,  2.2656e-04,  2.0493e-01,
         -1.7550e-01],
        [-4.0204e-02,  1.1423e-02,  1.7939e-02, -3.4283e-03, -1.5239e-01,
          4.2285e-02,  1.2060e-01, -7.0778e-02, -2.3141e-01, -1.4954e-01,
         -1.2851e-01,  1.8938e-01, -1.9908e-01, -2.3660e-01, -2.4106e-01,
         -9.5110e-02],
        [ 7.7814e-02, -1.3921e-01,  1.5122e-01,  2.1206e-01,  1.7975e-01,
         -1.9190e-01, -1.6776e-01,  1.5595e-01, -1.1295e-01,  1.6188e-01,
         -1.6637e-01, -2.2464e-01,  1.2322e-01,  1.3880e-01, -1.4425e-01,
          4.8268e-02],
        [ 1.2511e-01,  2.1910e-01, -1.8257e-01, -1.9970e-01, -7.0861e-02,
         -1.8883e-01, -1.3981e-01, -1.9668e-02,  7.5525e-02,  2.4767e-01,
         -1.2945e-01, -9.1645e-02, -1.3156e-01, -1.8459e-01,  1.0161e-01,
         -1.1196e-01],
        [-3.8696e-02,  1.6115e-01,  2.0590e-01, -2.2338e-01, -4.6149e-03,
         -1.1291e-01, -1.8842e-01, -5.4621e-02, -1.9674e-01,  2.8282e-02,
          4.2241e-02,  2.9634e-02, -1.0644e-01, -2.1816e-01,  2.4162e-02,
          2.0261e-01],
        [-1.2706e-01,  2.0228e-01,  1.7149e-01,  2.3945e-01, -1.3170e-01,
         -1.2800e-01,  3.4300e-02,  2.9833e-02,  4.0786e-02,  2.4878e-01,
         -1.8236e-01, -6.5071e-02,  9.3199e-02,  2.3614e-01,  2.9141e-02,
          6.8211e-02],
        [ 6.2584e-02, -1.0024e-01,  1.0722e-01, -8.0997e-02, -2.4924e-01,
          1.0793e-01,  1.7329e-01,  2.0572e-01, -1.8931e-01, -2.3975e-01,
         -1.9541e-01, -2.2178e-01,  1.9120e-02,  1.1747e-01, -1.6885e-01,
         -2.8109e-02],
        [ 2.3330e-01, -6.4959e-02,  2.3808e-02, -2.2079e-01,  1.1314e-01,
         -1.6105e-01,  5.9219e-02, -1.1251e-01, -2.0495e-01, -7.2712e-02,
          9.0976e-02, -1.2600e-01, -1.3629e-01, -6.2335e-02,  5.2079e-03,
          1.4887e-01],
        [ 2.7973e-02, -1.4332e-01,  2.7097e-03,  2.0581e-01,  1.7287e-01,
         -2.0855e-01,  1.5680e-01,  8.9509e-02,  2.3868e-01, -1.4225e-01,
          7.6597e-02,  7.7652e-02,  1.3508e-01, -1.8226e-01,  1.2186e-01,
         -6.7041e-02],
        [-2.1682e-01,  1.5064e-01, -7.1039e-02, -8.5997e-02,  1.2176e-01,
          1.2414e-01, -7.4544e-02,  2.2133e-01, -4.8544e-02,  1.4688e-02,
         -1.5399e-01, -1.8983e-01,  2.3048e-01,  1.6654e-01,  1.3908e-01,
         -2.2565e-02],
        [-1.5247e-01, -1.1218e-01,  1.0528e-01,  1.0273e-01,  1.0299e-01,
          9.2375e-02,  1.3173e-01,  1.2031e-01, -1.7365e-01,  9.9580e-02,
          2.1883e-01, -1.4954e-01, -1.2339e-01,  1.9673e-01, -1.8702e-01,
          9.9365e-02],
        [ 1.5344e-01, -2.1767e-01, -1.1641e-01, -3.4608e-02,  1.1560e-01,
         -5.3311e-02,  1.6614e-01,  1.0665e-01,  2.3062e-03, -8.8414e-02,
         -2.4642e-01, -2.7401e-03,  2.3888e-01, -2.0430e-01,  1.4329e-01,
          1.5643e-01],
        [ 1.2324e-01, -2.0282e-01,  2.1557e-01,  1.7396e-01,  1.5674e-01,
          7.4607e-02, -9.6960e-02, -5.4703e-02, -1.1222e-02, -3.7280e-02,
          6.4565e-02,  1.1799e-01,  8.2430e-02,  7.8626e-02, -3.8041e-02,
          1.8444e-01],
        [-1.7737e-01, -3.4074e-03, -1.0529e-01,  2.0911e-01,  1.9470e-01,
          1.4393e-01,  1.8761e-02,  6.2756e-02, -1.9324e-01, -2.2032e-01,
          5.9908e-02,  6.6654e-02,  8.2411e-02,  5.7819e-02, -2.1160e-01,
          9.7782e-02],
        [ 1.6436e-02,  1.8672e-01, -2.4798e-01, -1.6255e-02,  1.8196e-01,
          4.8556e-02,  3.5745e-03,  9.1121e-02, -1.8217e-01, -8.0680e-02,
          1.6727e-01, -8.9005e-02,  1.5364e-01, -6.4069e-02, -1.2879e-01,
          4.8416e-02],
        [ 3.0228e-02,  2.3446e-01, -6.4167e-02, -2.1726e-01,  2.2458e-01,
         -2.2924e-01, -1.8001e-02, -1.3786e-01,  2.4818e-01,  9.3613e-02,
         -2.1923e-01, -1.9215e-01,  1.7775e-01,  1.0168e-01,  2.2464e-01,
          1.0897e-01],
        [-8.2658e-02,  1.0127e-01,  1.0973e-01, -2.1254e-01,  2.4095e-01,
          9.3108e-02,  1.7788e-01, -1.3630e-01, -6.9821e-02, -1.5792e-01,
         -2.1293e-01,  1.9180e-01,  7.2414e-02, -1.9776e-01, -1.9156e-01,
         -3.9948e-02],
        [ 3.3342e-02, -2.1884e-01, -5.5511e-02, -5.6399e-02, -3.5575e-02,
         -7.2355e-02,  2.3647e-01,  1.6717e-01, -1.8823e-01, -1.9189e-02,
         -1.6529e-02,  1.2357e-01,  2.4555e-01, -4.3159e-03,  1.1404e-01,
         -1.4904e-01],
        [-2.4137e-01,  2.3070e-01, -3.3136e-02, -1.3929e-01, -2.0310e-01,
         -1.3574e-01, -1.9785e-01,  2.2883e-01,  1.0833e-01, -1.0761e-01,
          2.0754e-01,  6.3232e-03, -1.4853e-01, -1.1399e-01,  3.7067e-02,
          1.5109e-01],
        [ 6.3621e-02,  1.5574e-01,  1.6404e-01, -1.4094e-01,  1.4195e-01,
          1.3335e-01,  4.4145e-02, -9.4214e-02, -2.3851e-01,  1.6394e-01,
         -3.6885e-02,  1.8204e-01,  8.6415e-03, -8.5607e-02,  4.0550e-03,
         -2.2342e-01],
        [ 4.6834e-02,  1.0075e-01, -1.3817e-01, -1.1882e-01, -2.8821e-03,
         -7.1095e-03,  1.0236e-01,  6.6320e-02, -2.3070e-01,  6.6386e-02,
         -5.7636e-02, -1.9103e-01, -1.8344e-01, -1.1660e-02, -7.0474e-02,
          5.7805e-02],
        [ 7.8866e-02, -4.3211e-02,  2.3378e-02, -1.4991e-01, -1.0334e-01,
          1.9627e-01, -1.1845e-01,  5.0248e-02,  2.1999e-01, -1.5545e-01,
         -1.1729e-01,  2.3606e-01, -1.8115e-01,  1.8319e-01, -1.9659e-01,
         -1.6789e-02],
        [-1.0917e-01, -4.2643e-02, -6.0976e-02,  2.4629e-01, -2.3626e-01,
          1.9015e-02, -1.5349e-01, -6.7096e-02,  1.6768e-01, -2.2387e-01,
         -2.2989e-01, -5.7115e-02,  1.4234e-01, -1.6556e-01, -1.1702e-01,
         -1.4085e-01],
        [ 2.3324e-01,  1.5087e-01,  1.9302e-01, -1.2225e-01,  1.3836e-01,
         -1.2979e-01, -1.9314e-02, -1.6458e-01, -1.4755e-01, -6.8740e-03,
         -3.9337e-02,  8.5915e-02,  9.7598e-03,  1.6289e-01,  5.9233e-02,
          2.2914e-01]])
model.2.bias: tensor([ 0.0527,  0.1017, -0.1504, -0.0490, -0.1043,  0.2239, -0.1004, -0.2159,
        -0.1798,  0.0585,  0.0760,  0.0416,  0.1563,  0.0764, -0.0014,  0.0020,
        -0.0160,  0.1149, -0.1761, -0.0722,  0.0156, -0.0547, -0.1907, -0.0829,
        -0.2238,  0.1059,  0.1028,  0.0871,  0.0155,  0.0189,  0.1307, -0.0563])
model.4.weight: tensor([[-0.1404,  0.1268, -0.1127,  0.0404,  0.0366, -0.0550,  0.1565,  0.1436,
         -0.0870, -0.1002,  0.1669,  0.1036, -0.1639,  0.1008, -0.0858,  0.1253,
         -0.0025,  0.1376, -0.1595,  0.0692,  0.1013,  0.1736,  0.0270, -0.0185,
         -0.1182,  0.0282,  0.0451,  0.1396, -0.1351, -0.1686,  0.0746,  0.0962],
        [-0.1488, -0.0633, -0.0311,  0.0544,  0.0211,  0.1414,  0.1404, -0.0804,
         -0.0854,  0.0271,  0.0740,  0.1155,  0.0861,  0.1145,  0.0630, -0.1682,
          0.0746, -0.0367,  0.1424, -0.0462,  0.0527, -0.1541,  0.0302, -0.0273,
         -0.0693,  0.1312,  0.1488,  0.0393,  0.0304, -0.1586, -0.0395,  0.0378],
        [-0.0209,  0.1035,  0.0668, -0.1014,  0.1528,  0.1398, -0.1459,  0.0894,
         -0.1545,  0.1571,  0.1286, -0.0394,  0.1336, -0.0235, -0.0436,  0.0728,
          0.1642,  0.0979, -0.0808,  0.0689, -0.1210, -0.0041, -0.0880, -0.0368,
          0.0679,  0.1093,  0.1407,  0.1144, -0.1533, -0.0871,  0.0866,  0.1659],
        [ 0.1763,  0.1182, -0.0543,  0.0767,  0.0468,  0.0374,  0.1632,  0.1116,
          0.0917, -0.0349, -0.1735,  0.0747,  0.1130, -0.0553,  0.0958,  0.1561,
          0.1485,  0.1161, -0.1597,  0.1456,  0.0846, -0.0395, -0.1679,  0.0521,
         -0.0971, -0.0110,  0.0716,  0.1348,  0.1230, -0.0157,  0.1149, -0.1659],
        [-0.0929, -0.0307, -0.0871, -0.1456, -0.0637, -0.0975, -0.1454,  0.1123,
          0.1386, -0.0149,  0.0826, -0.0642,  0.0944,  0.1572, -0.0032,  0.1631,
         -0.1440, -0.1741, -0.1748,  0.0410,  0.1175,  0.1558, -0.1466,  0.0390,
          0.0427, -0.1706,  0.1517, -0.0052, -0.1566, -0.1423,  0.1239, -0.1376],
        [-0.0655, -0.1567, -0.1283,  0.0635, -0.1005, -0.0715, -0.1286,  0.0140,
          0.0039, -0.1590,  0.0543, -0.0469, -0.0235,  0.1029, -0.1009,  0.0432,
         -0.0275,  0.0843, -0.0981, -0.0798,  0.0646,  0.0734,  0.0413,  0.0372,
          0.0842,  0.0839,  0.1688,  0.1344, -0.0950, -0.1279, -0.1651, -0.1071],
        [ 0.1082,  0.1423,  0.0132, -0.1190, -0.1158,  0.1767,  0.0701, -0.0651,
          0.0696, -0.0489, -0.1282,  0.1129,  0.0516,  0.1436, -0.1191, -0.1714,
         -0.0571,  0.1492,  0.0732,  0.1679,  0.0291, -0.1273, -0.1545, -0.0691,
          0.0181, -0.0255,  0.1303,  0.0774,  0.0802,  0.0701, -0.1135,  0.0495],
        [-0.0952,  0.1708,  0.0559,  0.0456, -0.0840, -0.1325,  0.0875,  0.0060,
          0.0657, -0.1314, -0.0675, -0.1146,  0.1454,  0.1638, -0.0416,  0.0942,
         -0.0861,  0.1619, -0.0788,  0.1476, -0.1561, -0.1542, -0.0241, -0.0790,
          0.0516,  0.1290, -0.0904, -0.1520,  0.0318,  0.0144, -0.1083, -0.1361],
        [-0.1113, -0.0924,  0.0226, -0.0287, -0.0265,  0.0390,  0.1684,  0.1121,
          0.1163, -0.1708, -0.0056, -0.0558, -0.0195,  0.0988, -0.0645,  0.1276,
          0.1531, -0.0900, -0.1364, -0.0208,  0.1573,  0.0194, -0.1678, -0.0416,
          0.1174, -0.1322,  0.1248, -0.1756,  0.0397, -0.0141,  0.1161,  0.0576],
        [ 0.0164,  0.1733,  0.0343,  0.0925, -0.1224,  0.1646,  0.0645,  0.1294,
         -0.1064, -0.0214, -0.0612,  0.0623, -0.1376,  0.0778, -0.1613,  0.1282,
          0.0356, -0.1229, -0.0142,  0.0218,  0.0167,  0.1754, -0.0199, -0.1165,
          0.1070, -0.0293, -0.1217,  0.0198,  0.0045,  0.0143, -0.1405,  0.0330],
        [-0.1363,  0.0301, -0.0841,  0.1704,  0.1638, -0.1461, -0.0562,  0.0392,
          0.1615, -0.1166,  0.0447, -0.1729, -0.1673, -0.1508,  0.0111, -0.0793,
          0.1443, -0.0520, -0.0058, -0.0876, -0.1102, -0.1037,  0.0265, -0.1246,
          0.0624, -0.0509, -0.0251,  0.0062, -0.1288, -0.0080, -0.1601,  0.1377],
        [-0.1133,  0.1741, -0.0264, -0.0184,  0.1721,  0.0815, -0.1012, -0.0401,
          0.0190,  0.0780, -0.0235,  0.0211, -0.0016,  0.1364,  0.0910,  0.1393,
         -0.0969, -0.1057, -0.0716, -0.1380,  0.1199,  0.0669,  0.0814,  0.1009,
          0.0687,  0.0264, -0.0173,  0.1274,  0.1234, -0.0270,  0.0982,  0.0299],
        [-0.0524, -0.1012,  0.0963, -0.0221,  0.0652,  0.0152,  0.1751,  0.0346,
         -0.1014, -0.1652,  0.0060,  0.0318,  0.0162, -0.0565,  0.0209,  0.0785,
          0.1746, -0.0494, -0.1619, -0.0607, -0.0841,  0.1103,  0.1525,  0.1058,
          0.1108,  0.0674, -0.1389,  0.1061, -0.0621,  0.0653, -0.0998,  0.1550],
        [ 0.0422,  0.0140, -0.0979, -0.1334,  0.0961,  0.1571,  0.0036,  0.1760,
         -0.1329, -0.1464, -0.0820, -0.1247, -0.1464, -0.0655, -0.0797, -0.1646,
         -0.0546, -0.1108,  0.1067, -0.0225, -0.1303,  0.1500,  0.1138,  0.1250,
         -0.1199,  0.1302, -0.0797, -0.1359,  0.0625,  0.0112, -0.0753,  0.1232],
        [ 0.1229,  0.1634,  0.0772,  0.0543,  0.1616, -0.0579,  0.1054,  0.1217,
          0.1054, -0.1172,  0.0998,  0.0992,  0.1212, -0.0641, -0.0292,  0.1410,
         -0.0789, -0.0666,  0.0293,  0.0867,  0.0743,  0.0172, -0.1486, -0.1085,
          0.1760, -0.1527,  0.0352,  0.0293,  0.1548, -0.0372,  0.0679,  0.1028],
        [ 0.0305,  0.0382,  0.0320,  0.0249, -0.0267, -0.1164, -0.0381,  0.1272,
         -0.1620, -0.1037,  0.0132, -0.1498, -0.0015, -0.0603,  0.0476,  0.0821,
          0.0619,  0.0755, -0.1562, -0.0282,  0.1450, -0.0019,  0.1418, -0.1123,
         -0.1681, -0.1055, -0.1310,  0.1510,  0.1201,  0.0835,  0.1209,  0.0271]])
model.4.bias: tensor([ 0.0754,  0.0495,  0.0732,  0.1112, -0.0881,  0.0068, -0.1638,  0.1186,
        -0.1595, -0.0906, -0.1554, -0.1648, -0.1049,  0.0102, -0.0440,  0.0979])
model.6.weight: tensor([[ 0.2443, -0.0299,  0.1415, -0.2285, -0.0947, -0.0150,  0.1726,  0.2164,
         -0.1281,  0.2153, -0.1577, -0.0175,  0.2037,  0.0274,  0.1794, -0.1841],
        [ 0.1524,  0.1397, -0.0213, -0.0178,  0.0325,  0.2363, -0.1630,  0.2174,
          0.1383, -0.0627,  0.1155,  0.1314,  0.2389, -0.1910, -0.2453, -0.1857],
        [ 0.2080, -0.1933,  0.1042, -0.0774, -0.2180, -0.0796, -0.1293,  0.0390,
         -0.0332, -0.0355, -0.0367,  0.2466, -0.1012,  0.0218, -0.0486, -0.0590],
        [-0.1880, -0.0583,  0.0192, -0.1454, -0.0582,  0.1951,  0.1177, -0.1153,
          0.0515, -0.2186,  0.0015, -0.0955,  0.2110,  0.1572,  0.1702, -0.0273],
        [-0.0740,  0.0297, -0.1684, -0.1299,  0.1058,  0.2161,  0.1740,  0.1384,
         -0.1088, -0.2500,  0.2257, -0.1654, -0.2303, -0.0505, -0.0415, -0.0665]])
model.6.bias: tensor([ 0.0003,  0.2492,  0.2470, -0.0331, -0.2404])
