Client Model Params before encryption: 1

model.0.weight: tensor([[-0.0236, -0.1828, -0.1015,  0.1243, -0.1604, -0.0683,  0.0345, -0.0048,
          0.0560,  0.1311, -0.1791,  0.1431, -0.1999, -0.1471, -0.1151, -0.0507,
         -0.0031,  0.1705,  0.1854, -0.0279,  0.1001,  0.0422, -0.1005,  0.2019],
        [-0.1850,  0.1823, -0.0213,  0.1201, -0.0695,  0.0623, -0.1204,  0.1358,
         -0.2001, -0.0292, -0.0765, -0.1733,  0.0498, -0.0870, -0.0540,  0.1735,
         -0.0122, -0.0254, -0.0610,  0.1960, -0.0368, -0.0992, -0.0873,  0.0953],
        [-0.0483,  0.0824, -0.1620,  0.0602,  0.0945,  0.1135, -0.1246, -0.0698,
         -0.1043, -0.0499,  0.0797, -0.0476,  0.1759, -0.1386,  0.1184,  0.1527,
         -0.1395, -0.1947, -0.1025, -0.1961, -0.0947, -0.1052, -0.0146, -0.1630],
        [ 0.1598, -0.0528, -0.0816,  0.1878, -0.0720, -0.1174, -0.1869,  0.0369,
         -0.0100, -0.1415, -0.0078, -0.0154,  0.0377, -0.0825,  0.0905,  0.1995,
         -0.0807,  0.0246, -0.1289,  0.0311, -0.0382, -0.1430, -0.1438, -0.0287],
        [-0.1836, -0.0551,  0.1394, -0.0858, -0.0098,  0.1774, -0.1411, -0.0278,
          0.0579, -0.1585,  0.0543, -0.0629,  0.1210,  0.1004,  0.0288,  0.1678,
         -0.0451,  0.0573,  0.1820,  0.1495,  0.0851, -0.0618, -0.0554, -0.1227],
        [ 0.0815,  0.0465, -0.1175,  0.1516,  0.1565,  0.1223, -0.0926,  0.0516,
          0.1778, -0.0355, -0.1073,  0.0690,  0.1419,  0.0161,  0.1816,  0.0278,
          0.0587,  0.0055, -0.0592,  0.1019, -0.0657,  0.0505,  0.0350,  0.0116],
        [-0.0887, -0.0449,  0.1468, -0.0112, -0.0245, -0.1989,  0.1321, -0.0880,
          0.0333, -0.1685, -0.0532, -0.1773, -0.0126,  0.1284, -0.0754, -0.0140,
         -0.1230,  0.0902, -0.1815, -0.1506,  0.0174, -0.2028,  0.0044, -0.0039],
        [ 0.0292, -0.1060,  0.1680, -0.0153, -0.0864,  0.1527, -0.1774, -0.0574,
          0.0535,  0.1757,  0.1094, -0.1465,  0.0459, -0.0108, -0.0174, -0.0853,
         -0.1820,  0.1219, -0.0123,  0.1278, -0.1113,  0.0093, -0.1383,  0.1212],
        [-0.1588, -0.0964, -0.0802, -0.0439,  0.0413, -0.0165, -0.0141, -0.1202,
         -0.1524, -0.1395,  0.1570, -0.0519, -0.0874,  0.1914, -0.1097, -0.0854,
         -0.1335, -0.1885, -0.1280,  0.0192,  0.1091, -0.1281, -0.1171,  0.1654],
        [-0.1018,  0.1926,  0.0236, -0.0871, -0.1953,  0.0174, -0.1383, -0.0791,
         -0.1121, -0.1766, -0.0181,  0.1919,  0.1536, -0.0533,  0.1696,  0.0052,
         -0.0080,  0.1602,  0.0751, -0.0219, -0.1561, -0.0175, -0.1145,  0.0157],
        [-0.1733,  0.0395,  0.0037, -0.1983, -0.1849, -0.0824, -0.0741, -0.0658,
          0.0226, -0.0199,  0.1754, -0.1773, -0.1063, -0.0490,  0.0610,  0.1085,
          0.1276, -0.1561,  0.1157, -0.0834, -0.1159,  0.0370, -0.1942, -0.0147],
        [-0.1774,  0.1224, -0.1408, -0.1869,  0.0461, -0.0097, -0.1378,  0.1787,
          0.0905,  0.1258,  0.0922, -0.0155, -0.0999, -0.1320,  0.0323, -0.0583,
          0.1756,  0.1600, -0.0942, -0.1931, -0.1050,  0.1958,  0.1435,  0.1554],
        [-0.0134, -0.1421, -0.1099,  0.1436,  0.1639, -0.0348,  0.1295, -0.1035,
          0.0502,  0.1559,  0.1137,  0.0165,  0.0674,  0.1877, -0.1935, -0.0300,
          0.0283,  0.0019,  0.1837, -0.1450, -0.1296, -0.0049,  0.0124, -0.0652],
        [ 0.0854,  0.1661,  0.0711, -0.0021,  0.1814,  0.1528,  0.1607,  0.1515,
         -0.1068,  0.0055,  0.0591, -0.1865, -0.1551,  0.0262, -0.2024, -0.0757,
         -0.1930,  0.1127,  0.1498, -0.0793, -0.0526,  0.0169, -0.1431, -0.0123],
        [-0.0123,  0.1545,  0.0716,  0.0801,  0.1842, -0.1100, -0.1080,  0.0788,
         -0.0014,  0.0600,  0.0842, -0.1384, -0.1682, -0.1350,  0.0292, -0.1395,
          0.0080,  0.0403, -0.0036, -0.0605, -0.0312, -0.1992,  0.1671, -0.1079],
        [ 0.0432, -0.0783,  0.0207, -0.0746, -0.0821,  0.1857, -0.1397,  0.1418,
         -0.1006, -0.1882, -0.0888,  0.1812,  0.2030,  0.0284,  0.1990,  0.1329,
         -0.1006, -0.0760,  0.0896, -0.0043,  0.0276, -0.1010,  0.0364,  0.0004]])
model.0.bias: tensor([-0.1152, -0.0045, -0.0728,  0.1939,  0.1532, -0.1873,  0.1661,  0.1268,
         0.1028,  0.1884, -0.1519,  0.1485,  0.0014,  0.1714,  0.1268,  0.1498])
model.2.weight: tensor([[ 0.0340,  0.0822, -0.1305, -0.0859, -0.2351, -0.2080,  0.0645, -0.0642,
          0.0584,  0.1149, -0.2290,  0.1996,  0.0815,  0.1921,  0.1917, -0.0892],
        [ 0.2490,  0.0912, -0.2180, -0.2144,  0.0258,  0.1073, -0.0391, -0.2195,
         -0.0398,  0.2104,  0.1695,  0.0552, -0.1429, -0.0035, -0.1328,  0.1010],
        [-0.1590,  0.1048,  0.2366, -0.1379, -0.2182, -0.0670,  0.0333,  0.2451,
         -0.0716,  0.0617,  0.2348,  0.1814,  0.0999, -0.2277,  0.0330,  0.2021],
        [ 0.2089,  0.2066,  0.1886,  0.2252,  0.0436, -0.0996,  0.1519, -0.1173,
          0.1323,  0.2117,  0.1839,  0.0100,  0.1862,  0.0617,  0.0084, -0.0108],
        [-0.1317, -0.0621, -0.0389,  0.1526,  0.1523,  0.2421,  0.0199,  0.2130,
         -0.2422,  0.0130, -0.0628,  0.0836, -0.1163, -0.1414, -0.1106,  0.0181],
        [ 0.1097, -0.0943,  0.0008, -0.0232,  0.1455, -0.1082, -0.0588, -0.1197,
          0.0639, -0.2385,  0.2354, -0.1917,  0.0464,  0.1451,  0.0733,  0.2152],
        [ 0.1454, -0.0670, -0.0170,  0.0251,  0.1379,  0.1619,  0.2073, -0.0526,
         -0.0457, -0.0938, -0.2164,  0.1942, -0.1244,  0.0615,  0.1785, -0.1287],
        [-0.0414,  0.0310, -0.1732,  0.1307, -0.2157,  0.1861,  0.0947, -0.1960,
          0.0455, -0.2051, -0.0310,  0.1220,  0.0680,  0.0706,  0.1753,  0.0111],
        [ 0.0358, -0.0572, -0.0355,  0.2137, -0.0212, -0.1367, -0.2236, -0.1473,
          0.0792, -0.0574, -0.2257,  0.0914,  0.1001,  0.0749,  0.1905,  0.2208],
        [-0.2202, -0.1841, -0.0097,  0.1217,  0.0442, -0.1912, -0.2288,  0.1097,
          0.2024,  0.2327, -0.1036, -0.1245, -0.1188,  0.1388,  0.1339, -0.2030],
        [-0.2184,  0.0442,  0.0057,  0.1727,  0.1227,  0.1994, -0.0066, -0.1030,
         -0.1882, -0.0837,  0.0260, -0.1285,  0.2272,  0.1869, -0.2473, -0.0916],
        [-0.0790, -0.2389,  0.0471,  0.0211, -0.1978,  0.1667, -0.2143, -0.0248,
         -0.2019,  0.1611,  0.2428, -0.1644,  0.1790,  0.1432, -0.0123, -0.0799],
        [-0.1968,  0.2060,  0.0498,  0.1365, -0.1694, -0.0080,  0.1838, -0.0205,
          0.0889, -0.1438, -0.1840,  0.2237, -0.1381,  0.0714,  0.0192,  0.1085],
        [ 0.1436, -0.1970, -0.0003,  0.2346,  0.0242, -0.0685,  0.2292,  0.2072,
         -0.0862, -0.2201,  0.0834,  0.1619, -0.0213, -0.1485,  0.0206, -0.0661],
        [-0.1161, -0.1024,  0.0678, -0.1835,  0.1681,  0.1436,  0.0089, -0.1799,
          0.1106, -0.1771, -0.0636, -0.1358,  0.0244,  0.2470,  0.0663, -0.0126],
        [ 0.1535, -0.0991, -0.1718, -0.1268, -0.1787,  0.0601,  0.0115,  0.1317,
          0.1211, -0.2171, -0.1758,  0.1007,  0.1910,  0.2005, -0.2344,  0.2177],
        [ 0.2376, -0.1922, -0.2403, -0.2015, -0.2249,  0.1855,  0.1642, -0.0219,
          0.0912, -0.0889,  0.0787, -0.1335, -0.0042, -0.2168,  0.2407, -0.1401],
        [ 0.0944, -0.1056,  0.1213, -0.2410,  0.1705,  0.2005, -0.0750, -0.0841,
          0.1838,  0.1153,  0.0078,  0.2009, -0.2074,  0.1173,  0.2492, -0.1034],
        [-0.0440,  0.0821,  0.1239, -0.2139, -0.1390,  0.1595, -0.1828,  0.2461,
          0.2235, -0.2474,  0.0255, -0.1523, -0.2310,  0.0177,  0.1416, -0.2399],
        [ 0.1894,  0.0102,  0.1811, -0.0507, -0.1832, -0.2382,  0.2286,  0.0752,
         -0.0387,  0.0909,  0.1043,  0.0684,  0.1183, -0.2019,  0.1282, -0.1540],
        [-0.0608,  0.2259, -0.1115, -0.0705,  0.1144,  0.1120,  0.0561,  0.2418,
         -0.1098, -0.0921,  0.2063,  0.0244,  0.1517,  0.0365,  0.0506,  0.1639],
        [ 0.0957,  0.2251, -0.2188, -0.0370, -0.0043, -0.2133,  0.0103,  0.2481,
         -0.1740, -0.0031, -0.1172, -0.1532, -0.0520,  0.0464, -0.2012,  0.0059],
        [ 0.1222,  0.2038, -0.1017,  0.0928,  0.2138, -0.1109,  0.0999,  0.1707,
         -0.1963, -0.0742, -0.2127, -0.0333, -0.0048, -0.1677, -0.1878, -0.1916],
        [ 0.0494,  0.0849, -0.0382, -0.0312, -0.0563,  0.1558, -0.1343,  0.1360,
          0.0608, -0.0749,  0.0591, -0.0364,  0.0479, -0.0654,  0.2107, -0.2086],
        [-0.1174,  0.1304, -0.1753, -0.1853,  0.2411,  0.1643,  0.0366,  0.2053,
          0.1383, -0.1010, -0.0967,  0.2233, -0.0239, -0.1688,  0.1243, -0.1484],
        [ 0.0625, -0.2419,  0.2429,  0.1122,  0.0612,  0.0442,  0.2130, -0.1474,
         -0.0544,  0.0442,  0.2245,  0.0795, -0.1657, -0.0088, -0.0731,  0.1669],
        [ 0.1236, -0.2231, -0.1773,  0.0326, -0.2353, -0.0545,  0.1804, -0.0945,
          0.0808, -0.1593,  0.0972, -0.2276,  0.0333, -0.0500, -0.1076, -0.0664],
        [-0.2458,  0.2164, -0.0068,  0.0026,  0.0459,  0.1717,  0.0875,  0.0811,
         -0.1605, -0.0008, -0.0567,  0.0946, -0.1726,  0.2347,  0.1407, -0.0726],
        [ 0.0921,  0.0847,  0.1121, -0.1567, -0.1571,  0.1693,  0.2444, -0.1814,
         -0.0778, -0.1120,  0.2044, -0.0262, -0.1120,  0.0341, -0.1738,  0.1400],
        [-0.0541, -0.1198, -0.1492,  0.1442, -0.1898,  0.0609, -0.1570,  0.0536,
          0.2344, -0.1617,  0.0882, -0.1800, -0.0187, -0.0276,  0.2425, -0.0121],
        [ 0.1098, -0.0312, -0.1332,  0.0834,  0.2011, -0.1067, -0.1525,  0.2029,
         -0.1928,  0.1326, -0.1056,  0.1863,  0.2055, -0.0041, -0.0408,  0.2450],
        [ 0.2353, -0.0500,  0.2335, -0.1146, -0.0597, -0.0694,  0.0955,  0.0845,
          0.0579, -0.1674,  0.1808,  0.1757, -0.1457,  0.1074, -0.2413,  0.1305]])
model.2.bias: tensor([-0.1119, -0.2023,  0.1410,  0.1489,  0.2264, -0.0569, -0.0101,  0.0192,
        -0.2426,  0.2197, -0.2108,  0.0535,  0.1879, -0.2029, -0.1728,  0.1811,
        -0.1276,  0.1178, -0.1932,  0.1181, -0.0573,  0.1911, -0.2215,  0.1689,
         0.1769, -0.0147, -0.0631,  0.0353, -0.2499,  0.0265, -0.1163, -0.1233])
model.4.weight: tensor([[ 8.0057e-02, -2.3624e-02,  1.3411e-01, -5.7735e-04, -1.7671e-01,
          1.1752e-01, -8.7673e-02,  3.3327e-02,  7.7391e-02, -1.4654e-01,
          1.0097e-01, -9.9357e-02, -2.3172e-03, -1.3708e-01, -2.8547e-02,
         -8.7925e-03,  1.5124e-02, -1.3320e-01,  5.5491e-03,  1.6541e-01,
          8.0746e-02,  1.6517e-01,  1.6630e-01,  1.5590e-01, -3.8858e-02,
         -6.7588e-02,  9.3535e-02, -1.6658e-01, -1.5087e-01,  8.6327e-02,
          1.4448e-01, -1.5958e-01],
        [-9.5860e-02,  1.7178e-01,  1.4628e-02,  1.4819e-01,  3.8090e-02,
         -1.7592e-01, -3.5461e-02, -3.4366e-02,  1.1281e-01,  1.2431e-01,
         -1.0165e-01, -3.7080e-02,  4.4478e-02, -1.6406e-01,  5.7102e-02,
         -9.1284e-02, -6.0941e-02,  1.6053e-01,  9.7038e-02, -6.6733e-02,
          5.8504e-02,  8.8455e-02,  6.0363e-02,  5.4007e-02, -3.6781e-02,
         -5.1720e-02, -9.4797e-02, -3.5082e-02, -1.4511e-01,  3.4376e-02,
          5.8032e-02,  2.5000e-02],
        [-4.4832e-02,  3.1015e-02, -1.6611e-01, -1.3113e-01,  4.1009e-02,
          6.5103e-02, -6.7550e-02,  5.7100e-02, -1.4074e-01, -5.6669e-02,
          2.7497e-02, -1.2982e-01,  1.3683e-01,  1.7220e-01,  1.1268e-01,
         -1.6268e-01,  3.4175e-02, -2.3338e-03,  1.6038e-01,  7.0763e-02,
          1.4122e-01,  9.1480e-02,  1.4972e-01, -1.0344e-01, -3.2334e-02,
         -8.8970e-02, -6.0878e-02, -4.7328e-02, -1.0033e-01,  1.0068e-02,
         -1.6103e-01,  6.4816e-02],
        [-1.5206e-01,  5.7253e-02, -1.4904e-02, -1.2738e-01,  1.6143e-01,
          1.3281e-01, -7.8751e-02, -1.0531e-01,  9.6991e-02,  1.7239e-01,
          1.2937e-01, -1.3789e-01, -1.3080e-01, -5.3598e-02, -5.2771e-03,
          8.3125e-02,  4.6893e-04,  1.1035e-01,  1.0592e-01, -1.2206e-01,
          4.4895e-02, -1.0479e-02, -1.7200e-01, -1.6565e-01, -6.4660e-02,
         -7.0760e-02,  4.3248e-02,  5.8677e-02, -9.3809e-02,  1.5195e-01,
          3.5786e-02,  5.1830e-02],
        [-1.0444e-02,  1.6647e-01,  5.9601e-02,  4.6773e-02,  1.3263e-01,
         -8.3596e-02,  1.1564e-01,  7.6849e-02, -1.3612e-01,  4.2677e-02,
          1.1645e-01,  6.5060e-02, -6.3414e-02,  1.2351e-01,  1.2080e-01,
          9.4374e-02,  5.1864e-02, -2.1722e-02, -1.7282e-01, -1.0278e-01,
         -1.2550e-01, -7.9928e-02, -2.9891e-02, -2.3718e-02,  1.6523e-01,
         -1.7278e-01,  6.2605e-02,  1.3639e-01,  2.7358e-03, -3.7182e-02,
         -8.4403e-02, -1.2922e-01],
        [-1.5063e-01, -1.6410e-01, -8.4076e-02,  1.8406e-02,  4.4507e-02,
          1.3471e-02,  1.7532e-02, -4.4235e-02, -2.8981e-02, -1.6520e-01,
          7.8022e-02, -4.4071e-02,  7.9554e-02, -1.6971e-01,  1.9676e-02,
          4.1182e-02, -4.1985e-02,  5.1556e-02,  3.9339e-02, -4.1260e-02,
          1.1994e-01, -2.9784e-02,  7.9454e-02,  6.5803e-02, -8.7516e-02,
          1.1096e-01, -7.0924e-02,  1.3272e-01,  8.0042e-02,  9.6847e-02,
          3.2304e-02,  1.6121e-01],
        [ 2.4249e-02, -1.2555e-01, -1.6565e-01, -1.2029e-01,  6.5011e-02,
         -1.0253e-01,  1.7612e-01, -2.5808e-03, -1.3708e-01,  1.0200e-01,
         -5.4030e-02,  1.3661e-01,  3.4542e-02, -1.2058e-01,  7.6517e-02,
         -1.3750e-01, -1.0848e-01, -6.4549e-02,  4.4032e-02,  1.0934e-01,
         -3.3743e-03, -1.6089e-01,  1.3703e-01,  5.0938e-02,  7.3571e-02,
         -1.1071e-01, -1.1366e-01,  4.1084e-02,  1.3878e-01, -9.1357e-02,
         -1.2455e-01,  7.5499e-02],
        [-1.0657e-01, -1.7593e-01, -1.5348e-01, -1.1813e-01, -8.8869e-02,
          7.5891e-02, -1.1197e-01, -1.3558e-01,  1.8805e-02,  9.8151e-02,
         -1.1399e-01,  1.5993e-01,  1.3218e-01,  1.1270e-01, -1.0315e-01,
         -1.1998e-01,  6.8344e-02,  5.4975e-02,  1.6887e-01, -1.2290e-01,
         -9.7322e-02, -5.7457e-04,  1.6894e-01,  1.5791e-01, -1.5523e-01,
         -9.8662e-02,  1.6350e-01, -5.4108e-02, -1.2312e-01,  1.2491e-01,
         -1.5753e-01,  1.4924e-03],
        [ 8.4411e-02,  1.2689e-01,  1.3709e-01,  5.0430e-02,  1.7092e-01,
          3.1581e-03, -1.6237e-01,  1.4473e-01, -1.2403e-01, -1.0302e-01,
         -6.4215e-02, -1.5148e-01,  3.3343e-02, -1.1902e-01, -1.2412e-01,
         -1.6062e-01,  1.0662e-01,  8.4923e-03, -1.4107e-01, -1.4805e-01,
         -1.8274e-02,  1.3551e-01,  1.5158e-02,  1.3554e-04,  1.7511e-01,
         -5.0141e-02,  1.6725e-01,  5.2200e-02, -1.7599e-01,  1.0635e-01,
         -2.2998e-02,  1.5200e-01],
        [ 1.7303e-01, -1.4411e-02, -4.5302e-02, -4.9644e-02, -3.5581e-03,
          1.0029e-01, -9.0777e-02,  7.7915e-02, -1.0612e-01,  8.0185e-02,
         -8.1258e-02, -8.3443e-02, -1.4499e-01, -1.0867e-01,  6.5841e-03,
          8.1084e-02,  4.8772e-04, -3.4301e-02, -2.5698e-02, -8.6562e-02,
         -6.4969e-02, -6.6806e-02,  1.3562e-02, -1.5873e-01, -1.6663e-01,
         -3.6664e-02, -1.2234e-01, -5.7042e-02,  1.4153e-01,  2.0598e-02,
          1.4268e-01,  8.5201e-02],
        [-1.8284e-02,  8.9983e-02,  2.3657e-02,  1.3120e-01, -2.9572e-02,
          1.3754e-01, -1.5317e-01, -1.6758e-01, -1.7543e-01,  7.0620e-02,
         -5.3660e-02,  1.2539e-01, -6.0626e-03, -2.8144e-02,  2.4691e-02,
          8.2289e-02,  2.2718e-02,  3.8346e-02,  5.7012e-02,  7.8067e-02,
         -1.0900e-01,  1.4827e-01, -5.1960e-02,  1.4624e-01, -1.3420e-01,
         -1.4430e-01, -4.8984e-02,  1.7255e-01, -3.8586e-02,  7.1601e-02,
         -8.0223e-02,  1.2901e-01],
        [ 5.5655e-02,  8.5750e-02,  9.5524e-02,  5.3109e-02, -1.7014e-01,
          1.3506e-01,  1.0479e-01,  3.9800e-02, -1.0346e-01, -1.3166e-01,
          2.3622e-02,  1.4962e-01,  3.7136e-02, -7.8452e-02, -1.4518e-01,
         -1.2726e-01, -5.7387e-02, -1.5653e-01, -1.3613e-01,  5.0917e-02,
         -1.6780e-01, -2.6986e-03, -8.0318e-02, -1.2606e-01,  8.6496e-02,
          7.3815e-02, -4.1288e-02, -8.6905e-02,  1.7639e-01, -8.2626e-02,
         -7.8789e-02, -1.1052e-01],
        [-3.2776e-02, -8.8123e-02,  3.5608e-02, -9.7532e-03,  2.0850e-02,
         -1.2435e-01, -6.5404e-02,  8.2545e-02, -1.2577e-01, -1.8273e-02,
          1.5380e-01, -1.1315e-01,  6.1017e-02, -8.1563e-02,  3.7363e-02,
          5.8061e-02, -6.9610e-02,  6.8448e-02, -2.4644e-02, -3.8530e-02,
          5.5968e-02,  6.2642e-02, -1.0447e-01, -6.1325e-02,  6.3398e-02,
          1.6725e-01,  1.5105e-01, -3.8307e-02,  6.2618e-03, -1.1331e-01,
         -5.5828e-02,  7.3058e-02],
        [-1.6190e-01,  3.3811e-02,  1.0108e-01,  2.3854e-02,  1.4790e-01,
         -2.4473e-02,  1.2667e-01, -1.5661e-01,  9.5620e-02,  1.4543e-01,
          7.0802e-02, -5.4724e-02, -5.2382e-02, -1.0694e-01, -1.0468e-01,
         -6.9867e-03, -1.3538e-01,  1.5035e-01,  1.0889e-01,  2.2803e-02,
          4.9273e-02, -8.9822e-02, -7.3023e-02,  1.1003e-01, -1.6916e-01,
         -1.6957e-01, -1.8339e-02,  2.9311e-02, -6.0587e-02, -5.2325e-02,
         -8.6138e-02, -1.1984e-01],
        [-1.4967e-01, -1.7459e-01,  1.2351e-01, -2.9595e-02,  4.8796e-02,
         -6.6528e-02,  1.4964e-01, -1.1152e-01, -1.8425e-02,  1.7357e-01,
         -1.1844e-01, -5.2507e-03,  1.3115e-01, -8.3425e-02, -8.4978e-02,
         -9.4800e-02,  4.9923e-02, -3.7891e-02,  1.3813e-01,  4.0621e-02,
          1.2069e-01, -2.6415e-02,  1.2937e-01, -1.1156e-01, -1.1644e-01,
         -5.1518e-03,  1.5863e-02, -1.0371e-01, -1.2054e-03, -8.8620e-02,
          1.5091e-01, -9.5516e-02],
        [ 7.7666e-02, -1.1178e-01,  7.7024e-02, -2.7360e-02, -5.6145e-02,
         -2.9964e-02, -3.5859e-02, -1.3342e-02,  5.3673e-02, -1.5143e-01,
          1.6306e-02, -7.9861e-02,  2.7735e-02, -9.3396e-02, -1.1554e-01,
         -8.0273e-02,  1.0427e-01, -3.3833e-02, -1.2654e-01, -4.2496e-02,
         -8.6604e-02, -1.6841e-01, -1.2634e-01,  1.1266e-01, -7.9194e-02,
         -9.4876e-02, -3.3258e-02, -7.2182e-02,  4.3984e-02,  2.3726e-02,
          4.3813e-02, -1.3453e-01]])
model.4.bias: tensor([-0.0211, -0.0530, -0.0796,  0.0136,  0.0245,  0.1025,  0.1753,  0.0915,
        -0.0408, -0.0072, -0.1577, -0.1387, -0.0033,  0.0196,  0.1667, -0.1724])
model.6.weight: tensor([[ 0.0225,  0.0997, -0.1597, -0.2298,  0.1102,  0.0304, -0.0019,  0.0388,
          0.0694, -0.0810,  0.1878, -0.1904,  0.1034, -0.2416, -0.0466, -0.0355],
        [ 0.0382, -0.0773, -0.1046, -0.2108,  0.1306, -0.2399,  0.0158,  0.2168,
          0.0926,  0.1214,  0.2423, -0.0679,  0.0855, -0.2044, -0.1356, -0.0461],
        [ 0.1680,  0.0218, -0.1043, -0.0310,  0.0635, -0.2302, -0.1760,  0.0611,
          0.2412, -0.2376, -0.2356, -0.1999, -0.2499,  0.2001,  0.1617, -0.2161],
        [-0.1004, -0.1932,  0.1268, -0.0960, -0.0756, -0.0541, -0.2257, -0.2038,
          0.0817,  0.1186,  0.0547,  0.2213, -0.0273,  0.1971,  0.0058, -0.0428],
        [ 0.0148, -0.0636,  0.0784,  0.0645,  0.1549, -0.1280,  0.0644,  0.2319,
         -0.1061,  0.0888,  0.0383,  0.0569,  0.0466,  0.0022, -0.2394, -0.2007]])
model.6.bias: tensor([-0.1860, -0.2063,  0.0769,  0.0070, -0.2021])
Client Model Params after encryption: 1

model.0.weight: tensor([[12.9764, 12.8172, 12.8985, 13.1243, 12.8396, 12.9317, 13.0345, 12.9952,
         13.0560, 13.1311, 12.8209, 13.1431, 12.8001, 12.8529, 12.8849, 12.9493,
         12.9969, 13.1705, 13.1854, 12.9721, 13.1001, 13.0422, 12.8995, 13.2019],
        [12.8150, 13.1823, 12.9787, 13.1201, 12.9305, 13.0623, 12.8796, 13.1358,
         12.7999, 12.9708, 12.9235, 12.8267, 13.0498, 12.9130, 12.9460, 13.1735,
         12.9878, 12.9746, 12.9390, 13.1960, 12.9632, 12.9008, 12.9127, 13.0953],
        [12.9517, 13.0824, 12.8380, 13.0602, 13.0945, 13.1135, 12.8754, 12.9302,
         12.8957, 12.9501, 13.0797, 12.9524, 13.1759, 12.8614, 13.1184, 13.1527,
         12.8605, 12.8053, 12.8975, 12.8039, 12.9053, 12.8948, 12.9854, 12.8370],
        [13.1598, 12.9472, 12.9184, 13.1878, 12.9280, 12.8826, 12.8131, 13.0369,
         12.9900, 12.8586, 12.9922, 12.9846, 13.0377, 12.9175, 13.0905, 13.1995,
         12.9193, 13.0246, 12.8711, 13.0311, 12.9618, 12.8570, 12.8562, 12.9713],
        [12.8164, 12.9449, 13.1394, 12.9142, 12.9902, 13.1774, 12.8589, 12.9722,
         13.0579, 12.8415, 13.0543, 12.9371, 13.1209, 13.1004, 13.0288, 13.1678,
         12.9549, 13.0573, 13.1820, 13.1495, 13.0851, 12.9382, 12.9446, 12.8773],
        [13.0815, 13.0465, 12.8825, 13.1516, 13.1565, 13.1223, 12.9074, 13.0516,
         13.1778, 12.9645, 12.8927, 13.0690, 13.1419, 13.0161, 13.1816, 13.0278,
         13.0587, 13.0055, 12.9408, 13.1019, 12.9343, 13.0505, 13.0350, 13.0116],
        [12.9113, 12.9551, 13.1468, 12.9888, 12.9755, 12.8011, 13.1321, 12.9120,
         13.0333, 12.8315, 12.9468, 12.8227, 12.9874, 13.1284, 12.9246, 12.9860,
         12.8770, 13.0902, 12.8185, 12.8494, 13.0174, 12.7972, 13.0044, 12.9961],
        [13.0292, 12.8940, 13.1680, 12.9847, 12.9136, 13.1527, 12.8226, 12.9426,
         13.0535, 13.1757, 13.1094, 12.8535, 13.0459, 12.9892, 12.9826, 12.9147,
         12.8180, 13.1219, 12.9877, 13.1278, 12.8887, 13.0093, 12.8617, 13.1212],
        [12.8412, 12.9036, 12.9198, 12.9561, 13.0413, 12.9835, 12.9859, 12.8798,
         12.8476, 12.8605, 13.1570, 12.9481, 12.9126, 13.1914, 12.8903, 12.9146,
         12.8665, 12.8115, 12.8720, 13.0192, 13.1091, 12.8719, 12.8829, 13.1654],
        [12.8982, 13.1926, 13.0236, 12.9129, 12.8047, 13.0174, 12.8617, 12.9209,
         12.8879, 12.8234, 12.9819, 13.1919, 13.1536, 12.9467, 13.1696, 13.0052,
         12.9920, 13.1602, 13.0751, 12.9781, 12.8439, 12.9825, 12.8855, 13.0157],
        [12.8267, 13.0395, 13.0037, 12.8017, 12.8152, 12.9176, 12.9259, 12.9342,
         13.0226, 12.9801, 13.1754, 12.8227, 12.8937, 12.9510, 13.0610, 13.1085,
         13.1276, 12.8439, 13.1157, 12.9166, 12.8841, 13.0370, 12.8058, 12.9853],
        [12.8226, 13.1224, 12.8592, 12.8131, 13.0461, 12.9903, 12.8622, 13.1787,
         13.0905, 13.1258, 13.0922, 12.9845, 12.9001, 12.8680, 13.0323, 12.9417,
         13.1756, 13.1600, 12.9058, 12.8069, 12.8950, 13.1958, 13.1435, 13.1554],
        [12.9866, 12.8579, 12.8901, 13.1436, 13.1639, 12.9652, 13.1295, 12.8965,
         13.0502, 13.1559, 13.1137, 13.0165, 13.0674, 13.1877, 12.8065, 12.9700,
         13.0283, 13.0019, 13.1837, 12.8550, 12.8704, 12.9951, 13.0124, 12.9348],
        [13.0854, 13.1661, 13.0711, 12.9979, 13.1814, 13.1528, 13.1607, 13.1515,
         12.8932, 13.0055, 13.0591, 12.8135, 12.8449, 13.0262, 12.7976, 12.9243,
         12.8070, 13.1127, 13.1498, 12.9207, 12.9474, 13.0169, 12.8569, 12.9877],
        [12.9877, 13.1545, 13.0716, 13.0801, 13.1842, 12.8900, 12.8920, 13.0788,
         12.9986, 13.0600, 13.0842, 12.8616, 12.8318, 12.8650, 13.0292, 12.8605,
         13.0080, 13.0403, 12.9964, 12.9395, 12.9688, 12.8008, 13.1671, 12.8921],
        [13.0432, 12.9217, 13.0207, 12.9254, 12.9179, 13.1857, 12.8603, 13.1418,
         12.8994, 12.8118, 12.9111, 13.1812, 13.2030, 13.0284, 13.1990, 13.1329,
         12.8994, 12.9240, 13.0896, 12.9957, 13.0276, 12.8990, 13.0364, 13.0004]])
model.0.bias: tensor([12.8848, 12.9955, 12.9272, 13.1939, 13.1532, 12.8127, 13.1661, 13.1268,
        13.1028, 13.1884, 12.8481, 13.1485, 13.0014, 13.1714, 13.1268, 13.1498])
model.2.weight: tensor([[13.0340, 13.0822, 12.8695, 12.9141, 12.7649, 12.7920, 13.0645, 12.9358,
         13.0584, 13.1149, 12.7710, 13.1996, 13.0815, 13.1921, 13.1917, 12.9108],
        [13.2490, 13.0912, 12.7820, 12.7856, 13.0258, 13.1073, 12.9609, 12.7805,
         12.9602, 13.2104, 13.1695, 13.0552, 12.8571, 12.9965, 12.8672, 13.1010],
        [12.8410, 13.1048, 13.2366, 12.8621, 12.7818, 12.9330, 13.0333, 13.2451,
         12.9284, 13.0617, 13.2348, 13.1814, 13.0999, 12.7723, 13.0330, 13.2021],
        [13.2089, 13.2066, 13.1886, 13.2252, 13.0436, 12.9004, 13.1519, 12.8827,
         13.1323, 13.2117, 13.1839, 13.0100, 13.1862, 13.0617, 13.0084, 12.9892],
        [12.8683, 12.9379, 12.9611, 13.1526, 13.1523, 13.2421, 13.0199, 13.2130,
         12.7578, 13.0130, 12.9372, 13.0836, 12.8837, 12.8586, 12.8894, 13.0181],
        [13.1097, 12.9057, 13.0008, 12.9768, 13.1455, 12.8918, 12.9412, 12.8803,
         13.0639, 12.7615, 13.2354, 12.8083, 13.0464, 13.1451, 13.0733, 13.2152],
        [13.1454, 12.9330, 12.9830, 13.0251, 13.1379, 13.1619, 13.2073, 12.9474,
         12.9543, 12.9062, 12.7836, 13.1942, 12.8756, 13.0615, 13.1785, 12.8713],
        [12.9586, 13.0310, 12.8268, 13.1307, 12.7843, 13.1861, 13.0947, 12.8040,
         13.0455, 12.7949, 12.9690, 13.1220, 13.0680, 13.0706, 13.1753, 13.0111],
        [13.0358, 12.9428, 12.9645, 13.2137, 12.9788, 12.8633, 12.7764, 12.8527,
         13.0792, 12.9426, 12.7743, 13.0914, 13.1001, 13.0749, 13.1905, 13.2208],
        [12.7798, 12.8159, 12.9903, 13.1217, 13.0442, 12.8088, 12.7712, 13.1097,
         13.2024, 13.2327, 12.8964, 12.8755, 12.8812, 13.1388, 13.1339, 12.7970],
        [12.7816, 13.0442, 13.0057, 13.1727, 13.1227, 13.1994, 12.9934, 12.8970,
         12.8118, 12.9163, 13.0260, 12.8715, 13.2272, 13.1869, 12.7527, 12.9084],
        [12.9210, 12.7611, 13.0471, 13.0211, 12.8022, 13.1667, 12.7857, 12.9752,
         12.7981, 13.1611, 13.2428, 12.8356, 13.1790, 13.1432, 12.9877, 12.9201],
        [12.8032, 13.2060, 13.0498, 13.1365, 12.8306, 12.9920, 13.1838, 12.9795,
         13.0889, 12.8562, 12.8160, 13.2237, 12.8619, 13.0714, 13.0192, 13.1085],
        [13.1436, 12.8030, 12.9997, 13.2346, 13.0242, 12.9315, 13.2292, 13.2072,
         12.9138, 12.7799, 13.0834, 13.1619, 12.9787, 12.8515, 13.0206, 12.9339],
        [12.8839, 12.8976, 13.0678, 12.8165, 13.1681, 13.1436, 13.0089, 12.8201,
         13.1106, 12.8229, 12.9364, 12.8642, 13.0244, 13.2470, 13.0663, 12.9874],
        [13.1535, 12.9009, 12.8282, 12.8732, 12.8213, 13.0601, 13.0115, 13.1317,
         13.1211, 12.7829, 12.8242, 13.1007, 13.1910, 13.2005, 12.7656, 13.2177],
        [13.2376, 12.8078, 12.7597, 12.7985, 12.7751, 13.1855, 13.1642, 12.9781,
         13.0912, 12.9111, 13.0787, 12.8665, 12.9958, 12.7832, 13.2407, 12.8599],
        [13.0944, 12.8944, 13.1213, 12.7590, 13.1705, 13.2005, 12.9250, 12.9159,
         13.1838, 13.1153, 13.0078, 13.2009, 12.7926, 13.1173, 13.2492, 12.8966],
        [12.9560, 13.0821, 13.1239, 12.7861, 12.8610, 13.1595, 12.8172, 13.2461,
         13.2235, 12.7526, 13.0255, 12.8477, 12.7690, 13.0177, 13.1416, 12.7601],
        [13.1894, 13.0102, 13.1811, 12.9493, 12.8168, 12.7618, 13.2286, 13.0752,
         12.9613, 13.0909, 13.1043, 13.0684, 13.1183, 12.7981, 13.1282, 12.8460],
        [12.9392, 13.2259, 12.8885, 12.9295, 13.1144, 13.1120, 13.0561, 13.2418,
         12.8902, 12.9079, 13.2063, 13.0244, 13.1517, 13.0365, 13.0506, 13.1639],
        [13.0957, 13.2251, 12.7812, 12.9630, 12.9957, 12.7867, 13.0103, 13.2481,
         12.8260, 12.9969, 12.8828, 12.8468, 12.9480, 13.0464, 12.7988, 13.0059],
        [13.1222, 13.2038, 12.8983, 13.0928, 13.2138, 12.8891, 13.0999, 13.1707,
         12.8037, 12.9258, 12.7873, 12.9667, 12.9952, 12.8323, 12.8122, 12.8084],
        [13.0494, 13.0849, 12.9618, 12.9688, 12.9437, 13.1558, 12.8657, 13.1360,
         13.0608, 12.9251, 13.0591, 12.9636, 13.0479, 12.9346, 13.2107, 12.7914],
        [12.8826, 13.1304, 12.8247, 12.8147, 13.2411, 13.1643, 13.0366, 13.2053,
         13.1383, 12.8990, 12.9033, 13.2233, 12.9761, 12.8312, 13.1243, 12.8516],
        [13.0625, 12.7581, 13.2429, 13.1122, 13.0612, 13.0442, 13.2130, 12.8526,
         12.9456, 13.0442, 13.2245, 13.0795, 12.8343, 12.9912, 12.9269, 13.1669],
        [13.1236, 12.7769, 12.8227, 13.0326, 12.7647, 12.9455, 13.1804, 12.9055,
         13.0808, 12.8407, 13.0972, 12.7724, 13.0333, 12.9500, 12.8924, 12.9336],
        [12.7542, 13.2164, 12.9932, 13.0026, 13.0459, 13.1717, 13.0875, 13.0811,
         12.8395, 12.9992, 12.9433, 13.0946, 12.8274, 13.2347, 13.1407, 12.9274],
        [13.0921, 13.0847, 13.1121, 12.8433, 12.8429, 13.1693, 13.2444, 12.8186,
         12.9222, 12.8880, 13.2044, 12.9738, 12.8880, 13.0341, 12.8262, 13.1400],
        [12.9459, 12.8802, 12.8508, 13.1442, 12.8102, 13.0609, 12.8430, 13.0536,
         13.2344, 12.8383, 13.0882, 12.8200, 12.9813, 12.9724, 13.2425, 12.9879],
        [13.1098, 12.9688, 12.8668, 13.0834, 13.2011, 12.8933, 12.8475, 13.2029,
         12.8072, 13.1326, 12.8944, 13.1863, 13.2055, 12.9959, 12.9592, 13.2450],
        [13.2353, 12.9500, 13.2335, 12.8854, 12.9403, 12.9306, 13.0955, 13.0845,
         13.0579, 12.8326, 13.1808, 13.1757, 12.8543, 13.1074, 12.7587, 13.1305]])
model.2.bias: tensor([12.8881, 12.7977, 13.1410, 13.1489, 13.2264, 12.9431, 12.9899, 13.0192,
        12.7574, 13.2197, 12.7892, 13.0535, 13.1879, 12.7971, 12.8272, 13.1811,
        12.8724, 13.1178, 12.8068, 13.1181, 12.9427, 13.1911, 12.7785, 13.1689,
        13.1769, 12.9853, 12.9369, 13.0353, 12.7501, 13.0265, 12.8837, 12.8767])
model.4.weight: tensor([[13.0801, 12.9764, 13.1341, 12.9994, 12.8233, 13.1175, 12.9123, 13.0333,
         13.0774, 12.8535, 13.1010, 12.9006, 12.9977, 12.8629, 12.9715, 12.9912,
         13.0151, 12.8668, 13.0055, 13.1654, 13.0807, 13.1652, 13.1663, 13.1559,
         12.9611, 12.9324, 13.0935, 12.8334, 12.8491, 13.0863, 13.1445, 12.8404],
        [12.9041, 13.1718, 13.0146, 13.1482, 13.0381, 12.8241, 12.9645, 12.9656,
         13.1128, 13.1243, 12.8984, 12.9629, 13.0445, 12.8359, 13.0571, 12.9087,
         12.9391, 13.1605, 13.0970, 12.9333, 13.0585, 13.0885, 13.0604, 13.0540,
         12.9632, 12.9483, 12.9052, 12.9649, 12.8549, 13.0344, 13.0580, 13.0250],
        [12.9552, 13.0310, 12.8339, 12.8689, 13.0410, 13.0651, 12.9325, 13.0571,
         12.8593, 12.9433, 13.0275, 12.8702, 13.1368, 13.1722, 13.1127, 12.8373,
         13.0342, 12.9977, 13.1604, 13.0708, 13.1412, 13.0915, 13.1497, 12.8966,
         12.9677, 12.9110, 12.9391, 12.9527, 12.8997, 13.0101, 12.8390, 13.0648],
        [12.8479, 13.0573, 12.9851, 12.8726, 13.1614, 13.1328, 12.9212, 12.8947,
         13.0970, 13.1724, 13.1294, 12.8621, 12.8692, 12.9464, 12.9947, 13.0831,
         13.0005, 13.1103, 13.1059, 12.8779, 13.0449, 12.9895, 12.8280, 12.8344,
         12.9353, 12.9292, 13.0432, 13.0587, 12.9062, 13.1520, 13.0358, 13.0518],
        [12.9896, 13.1665, 13.0596, 13.0468, 13.1326, 12.9164, 13.1156, 13.0768,
         12.8639, 13.0427, 13.1164, 13.0651, 12.9366, 13.1235, 13.1208, 13.0944,
         13.0519, 12.9783, 12.8272, 12.8972, 12.8745, 12.9201, 12.9701, 12.9763,
         13.1652, 12.8272, 13.0626, 13.1364, 13.0027, 12.9628, 12.9156, 12.8708],
        [12.8494, 12.8359, 12.9159, 13.0184, 13.0445, 13.0135, 13.0175, 12.9558,
         12.9710, 12.8348, 13.0780, 12.9559, 13.0796, 12.8303, 13.0197, 13.0412,
         12.9580, 13.0516, 13.0393, 12.9587, 13.1199, 12.9702, 13.0795, 13.0658,
         12.9125, 13.1110, 12.9291, 13.1327, 13.0800, 13.0968, 13.0323, 13.1612],
        [13.0242, 12.8745, 12.8344, 12.8797, 13.0650, 12.8975, 13.1761, 12.9974,
         12.8629, 13.1020, 12.9460, 13.1366, 13.0345, 12.8794, 13.0765, 12.8625,
         12.8915, 12.9355, 13.0440, 13.1093, 12.9966, 12.8391, 13.1370, 13.0509,
         13.0736, 12.8893, 12.8863, 13.0411, 13.1388, 12.9086, 12.8755, 13.0755],
        [12.8934, 12.8241, 12.8465, 12.8819, 12.9111, 13.0759, 12.8880, 12.8644,
         13.0188, 13.0982, 12.8860, 13.1599, 13.1322, 13.1127, 12.8969, 12.8800,
         13.0683, 13.0550, 13.1689, 12.8771, 12.9027, 12.9994, 13.1689, 13.1579,
         12.8448, 12.9013, 13.1635, 12.9459, 12.8769, 13.1249, 12.8425, 13.0015],
        [13.0844, 13.1269, 13.1371, 13.0504, 13.1709, 13.0032, 12.8376, 13.1447,
         12.8760, 12.8970, 12.9358, 12.8485, 13.0333, 12.8810, 12.8759, 12.8394,
         13.1066, 13.0085, 12.8589, 12.8519, 12.9817, 13.1355, 13.0152, 13.0001,
         13.1751, 12.9499, 13.1672, 13.0522, 12.8240, 13.1063, 12.9770, 13.1520],
        [13.1730, 12.9856, 12.9547, 12.9504, 12.9964, 13.1003, 12.9092, 13.0779,
         12.8939, 13.0802, 12.9187, 12.9166, 12.8550, 12.8913, 13.0066, 13.0811,
         13.0005, 12.9657, 12.9743, 12.9134, 12.9350, 12.9332, 13.0136, 12.8413,
         12.8334, 12.9633, 12.8777, 12.9430, 13.1415, 13.0206, 13.1427, 13.0852],
        [12.9817, 13.0900, 13.0237, 13.1312, 12.9704, 13.1375, 12.8468, 12.8324,
         12.8246, 13.0706, 12.9463, 13.1254, 12.9939, 12.9719, 13.0247, 13.0823,
         13.0227, 13.0383, 13.0570, 13.0781, 12.8910, 13.1483, 12.9480, 13.1462,
         12.8658, 12.8557, 12.9510, 13.1726, 12.9614, 13.0716, 12.9198, 13.1290],
        [13.0557, 13.0857, 13.0955, 13.0531, 12.8299, 13.1351, 13.1048, 13.0398,
         12.8965, 12.8683, 13.0236, 13.1496, 13.0371, 12.9215, 12.8548, 12.8727,
         12.9426, 12.8435, 12.8639, 13.0509, 12.8322, 12.9973, 12.9197, 12.8739,
         13.0865, 13.0738, 12.9587, 12.9131, 13.1764, 12.9174, 12.9212, 12.8895],
        [12.9672, 12.9119, 13.0356, 12.9902, 13.0209, 12.8757, 12.9346, 13.0825,
         12.8742, 12.9817, 13.1538, 12.8869, 13.0610, 12.9184, 13.0374, 13.0581,
         12.9304, 13.0684, 12.9754, 12.9615, 13.0560, 13.0626, 12.8955, 12.9387,
         13.0634, 13.1673, 13.1510, 12.9617, 13.0063, 12.8867, 12.9442, 13.0731],
        [12.8381, 13.0338, 13.1011, 13.0239, 13.1479, 12.9755, 13.1267, 12.8434,
         13.0956, 13.1454, 13.0708, 12.9453, 12.9476, 12.8931, 12.8953, 12.9930,
         12.8646, 13.1503, 13.1089, 13.0228, 13.0493, 12.9102, 12.9270, 13.1100,
         12.8308, 12.8304, 12.9817, 13.0293, 12.9394, 12.9477, 12.9139, 12.8802],
        [12.8503, 12.8254, 13.1235, 12.9704, 13.0488, 12.9335, 13.1496, 12.8885,
         12.9816, 13.1736, 12.8816, 12.9947, 13.1311, 12.9166, 12.9150, 12.9052,
         13.0499, 12.9621, 13.1381, 13.0406, 13.1207, 12.9736, 13.1294, 12.8884,
         12.8836, 12.9948, 13.0159, 12.8963, 12.9988, 12.9114, 13.1509, 12.9045],
        [13.0777, 12.8882, 13.0770, 12.9726, 12.9439, 12.9700, 12.9641, 12.9867,
         13.0537, 12.8486, 13.0163, 12.9201, 13.0277, 12.9066, 12.8845, 12.9197,
         13.1043, 12.9662, 12.8735, 12.9575, 12.9134, 12.8316, 12.8737, 13.1127,
         12.9208, 12.9051, 12.9667, 12.9278, 13.0440, 13.0237, 13.0438, 12.8655]])
model.4.bias: tensor([12.9789, 12.9470, 12.9204, 13.0136, 13.0245, 13.1025, 13.1753, 13.0915,
        12.9592, 12.9928, 12.8423, 12.8613, 12.9967, 13.0196, 13.1667, 12.8276])
model.6.weight: tensor([[13.0225, 13.0997, 12.8403, 12.7702, 13.1102, 13.0304, 12.9981, 13.0388,
         13.0694, 12.9190, 13.1878, 12.8096, 13.1034, 12.7584, 12.9534, 12.9645],
        [13.0382, 12.9227, 12.8954, 12.7892, 13.1306, 12.7601, 13.0158, 13.2168,
         13.0926, 13.1214, 13.2423, 12.9321, 13.0855, 12.7956, 12.8644, 12.9539],
        [13.1680, 13.0218, 12.8957, 12.9690, 13.0635, 12.7698, 12.8240, 13.0611,
         13.2412, 12.7624, 12.7644, 12.8001, 12.7501, 13.2001, 13.1617, 12.7839],
        [12.8996, 12.8068, 13.1268, 12.9040, 12.9244, 12.9459, 12.7743, 12.7962,
         13.0817, 13.1186, 13.0547, 13.2213, 12.9727, 13.1971, 13.0058, 12.9572],
        [13.0148, 12.9364, 13.0784, 13.0645, 13.1549, 12.8720, 13.0644, 13.2319,
         12.8939, 13.0888, 13.0383, 13.0569, 13.0466, 13.0022, 12.7606, 12.7993]])
model.6.bias: tensor([12.8140, 12.7937, 13.0769, 13.0070, 12.7979])
